Sample	20	22	24	26	28	30	32	34	36	38	40	42	44	46	48	50	52	54	56	58	60	62	64	66	68	70	72	74	76	78	80	82	84	86	88	90	92	94	96	98	100
137.trim	14791.0	14742.0	17198.0	19531.0	23044.0	25633.0	29891.0	34657.0	40862.0	42592.0	48511.0	67233.0	74772.0	69705.0	74266.0	91483.0	96034.0	90892.0	88137.0	98001.0	109635.0	180677.0	117575.0	113421.0	133109.0	131210.0	117184.0	104822.0	104189.0	101375.0	93851.0	90017.0	86425.0	92233.0	80318.0	81320.0	86269.0	115005.0	334255.0	61472.0	2852496.0
139.trim	7887.0	7662.0	8125.0	9418.0	11072.0	12144.0	13918.0	15416.0	18062.0	18672.0	20280.0	27245.0	29703.0	27760.0	29470.0	36918.0	38836.0	35007.0	34967.0	39129.0	42145.0	66097.0	45088.0	43725.0	51266.0	48902.0	43061.0	39211.0	37795.0	37099.0	34893.0	33418.0	31992.0	33250.0	28984.0	29946.0	31146.0	41131.0	115287.0	21230.0	939798.0
140.trim	16158.0	16651.0	18463.0	21805.0	24985.0	27440.0	32348.0	36902.0	44163.0	43878.0	49647.0	71464.0	78311.0	69383.0	71896.0	91479.0	93861.0	81970.0	76923.0	85735.0	98050.0	172564.0	106848.0	102540.0	126450.0	121581.0	105402.0	92630.0	88528.0	84283.0	76249.0	73839.0	70310.0	72790.0	65125.0	67738.0	73382.0	104547.0	301385.0	54745.0	2585545.0
141.trim	5234.0	5259.0	5608.0	6531.0	7447.0	8484.0	9935.0	11400.0	12907.0	13490.0	15092.0	21385.0	22875.0	21325.0	23236.0	28565.0	29695.0	28149.0	27719.0	30679.0	34678.0	55638.0	38140.0	37682.0	44170.0	43068.0	38603.0	35519.0	34893.0	34013.0	31855.0	30380.0	28745.0	29788.0	26899.0	27890.0	30394.0	41499.0	108534.0	20128.0	867056.0
156.trim	6479.0	6976.0	8567.0	9827.0	10980.0	12356.0	16593.0	19892.0	25761.0	25987.0	30188.0	49994.0	58326.0	50368.0	53005.0	79841.0	79082.0	67078.0	61667.0	69408.0	86463.0	161163.0	98607.0	96858.0	122981.0	122054.0	105386.0	90816.0	89717.0	87162.0	79650.0	76561.0	72145.0	73405.0	69381.0	70750.0	78340.0	110503.0	286613.0	48053.0	2351985.0
159.trim	16192.0	16634.0	19688.0	23927.0	27724.0	34394.0	45737.0	54424.0	68474.0	71397.0	85589.0	137756.0	153624.0	136507.0	144168.0	201195.0	185546.0	171299.0	159619.0	169938.0	198650.0	316785.0	209200.0	198240.0	238627.0	238783.0	211723.0	192531.0	190188.0	180712.0	162655.0	157206.0	144767.0	144619.0	132669.0	128823.0	138065.0	178794.0	424209.0	70010.0	3244187.0
161.trim	16840.0	17530.0	19593.0	22118.0	26025.0	29847.0	34288.0	39253.0	47888.0	49616.0	58498.0	82762.0	92790.0	89626.0	94094.0	110300.0	104834.0	103826.0	103518.0	111205.0	119699.0	185022.0	129880.0	121239.0	141398.0	144295.0	130918.0	126039.0	118707.0	114078.0	99370.0	96226.0	96673.0	97320.0	88169.0	86091.0	95283.0	130762.0	355261.0	63265.0	2969421.0
162.trim	22588.0	22904.0	25742.0	29529.0	33286.0	35900.0	43062.0	50350.0	59231.0	58065.0	65232.0	94387.0	102598.0	87568.0	88787.0	113951.0	117014.0	100851.0	92588.0	101775.0	116170.0	203759.0	124805.0	119758.0	144271.0	136073.0	117142.0	103524.0	98849.0	92951.0	81378.0	80384.0	77684.0	80636.0	70210.0	69028.0	74010.0	104569.0	291167.0	59891.0	2457498.0
168.trim	6341.0	6325.0	7218.0	8161.0	9434.0	11065.0	13576.0	15356.0	18798.0	19500.0	21314.0	30204.0	34254.0	30713.0	33104.0	42302.0	45000.0	41068.0	39033.0	43563.0	51393.0	85681.0	55263.0	54876.0	65453.0	63771.0	56736.0	50235.0	48645.0	46855.0	43766.0	42280.0	39228.0	40357.0	37853.0	38923.0	42822.0	59997.0	166185.0	31477.0	1387888.0
169.trim	30045.0	28556.0	31011.0	34732.0	42646.0	48549.0	57204.0	63842.0	74342.0	79707.0	91745.0	124151.0	136435.0	127988.0	138768.0	168894.0	179333.0	161584.0	161009.0	179041.0	198468.0	306188.0	207334.0	204161.0	237395.0	232241.0	206853.0	188202.0	181506.0	178385.0	163797.0	159554.0	150978.0	158636.0	140262.0	141231.0	150895.0	200937.0	553928.0	102042.0	4550538.0
171.trim	21453.0	21832.0	24436.0	28278.0	32285.0	38165.0	46035.0	52753.0	61602.0	64833.0	74263.0	102272.0	111963.0	103009.0	109275.0	134583.0	142677.0	125579.0	120562.0	134324.0	153544.0	239710.0	161405.0	159995.0	187563.0	181404.0	159046.0	142255.0	138725.0	131989.0	119803.0	115529.0	108587.0	107582.0	101640.0	103566.0	112496.0	152452.0	415364.0	73463.0	3392141.0
172.trim	13415.0	13463.0	15240.0	17065.0	20739.0	22647.0	26215.0	29466.0	34525.0	35842.0	40436.0	54780.0	59036.0	56182.0	59838.0	73381.0	77625.0	72744.0	72906.0	81677.0	90761.0	142048.0	97477.0	95678.0	109895.0	107106.0	94445.0	86090.0	84777.0	81013.0	76885.0	73869.0	69550.0	71791.0	65218.0	66511.0	70978.0	94089.0	252937.0	45449.0	2055615.0
181.trim	4438.0	4440.0	5418.0	6565.0	8189.0	9713.0	13105.0	15829.0	20412.0	21852.0	24535.0	36538.0	43568.0	39852.0	44336.0	63984.0	56677.0	50062.0	47992.0	50527.0	55964.0	78467.0	55602.0	55250.0	65348.0	65419.0	56843.0	51747.0	50804.0	48561.0	44870.0	42406.0	39363.0	38057.0	36870.0	36736.0	40127.0	51976.0	130957.0	23322.0	1051328.0
183.trim	27935.0	28482.0	31552.0	35268.0	39705.0	43752.0	50480.0	58331.0	67801.0	68386.0	77424.0	107788.0	117155.0	108508.0	112861.0	139182.0	139967.0	131228.0	126753.0	139246.0	155955.0	253808.0	169874.0	163577.0	193554.0	187550.0	166207.0	151448.0	145741.0	139104.0	128424.0	125016.0	122538.0	123456.0	111631.0	113065.0	120030.0	167950.0	499503.0	93055.0	4317533.0
184.trim	10992.0	11025.0	11843.0	13155.0	15250.0	16576.0	18855.0	20591.0	23529.0	24180.0	26955.0	35401.0	38281.0	36387.0	38504.0	46412.0	47892.0	45166.0	45627.0	50653.0	56371.0	89526.0	66339.0	63276.0	70214.0	67214.0	59520.0	54138.0	53381.0	52538.0	49772.0	47795.0	45107.0	46735.0	42246.0	42643.0	46118.0	62496.0	173164.0	31038.0	1464051.0
185.trim	4994.0	4887.0	5503.0	6284.0	7225.0	7695.0	9545.0	11042.0	13726.0	13564.0	15681.0	24277.0	26258.0	22371.0	23421.0	31297.0	32250.0	28946.0	27545.0	31669.0	37431.0	72156.0	42267.0	40802.0	51252.0	49194.0	42631.0	36662.0	36120.0	33461.0	29121.0	28212.0	26918.0	27879.0	25138.0	25664.0	27527.0	38741.0	109468.0	20142.0	948683.0
291.trim	32981.0	33336.0	35545.0	39862.0	48607.0	53216.0	56108.0	56774.0	60984.0	64439.0	69205.0	78413.0	88983.0	84657.0	98158.0	119726.0	130556.0	121747.0	123188.0	127689.0	113475.0	142107.0	118104.0	115670.0	122261.0	118721.0	114337.0	106378.0	105010.0	101970.0	98918.0	102406.0	103827.0	107618.0	94996.0	93049.0	94154.0	121945.0	358959.0	73178.0	3018846.0
292.trim	45469.0	45370.0	48490.0	52224.0	59150.0	61402.0	65790.0	69222.0	74943.0	75143.0	80472.0	95469.0	98947.0	94112.0	97301.0	110549.0	114026.0	107071.0	103160.0	111714.0	113935.0	148038.0	121699.0	121034.0	128458.0	121193.0	108846.0	100713.0	95011.0	91446.0	87201.0	85257.0	81707.0	82830.0	75203.0	72802.0	71066.0	80089.0	166668.0	36568.0	1145546.0
293.trim	28513.0	30060.0	33931.0	37865.0	45700.0	50373.0	54484.0	56829.0	63426.0	69745.0	75872.0	85049.0	89918.0	90770.0	94248.0	107512.0	111054.0	112008.0	113441.0	125007.0	120183.0	141902.0	118996.0	119577.0	123543.0	119283.0	109900.0	104298.0	101726.0	101666.0	97413.0	97078.0	96020.0	111224.0	88429.0	82756.0	80268.0	88860.0	194923.0	35380.0	1311854.0
294.trim	39860.0	44338.0	49199.0	55508.0	64184.0	73182.0	81128.0	86734.0	94829.0	102223.0	108662.0	122321.0	137322.0	134031.0	141512.0	158470.0	165889.0	161772.0	153964.0	160704.0	165314.0	206087.0	167001.0	170195.0	184353.0	178016.0	157675.0	147210.0	146519.0	142589.0	141164.0	140425.0	136298.0	141223.0	125466.0	120520.0	119526.0	133741.0	299640.0	48561.0	1928619.0
295.trim	51456.0	52308.0	54647.0	59456.0	72472.0	78310.0	83529.0	84951.0	93163.0	105171.0	113971.0	117810.0	122483.0	127863.0	135329.0	140532.0	141415.0	147588.0	147486.0	155846.0	154677.0	176974.0	160410.0	163062.0	166652.0	161751.0	154400.0	149068.0	147646.0	144781.0	142797.0	146359.0	144881.0	150118.0	135046.0	132529.0	131923.0	164718.0	491539.0	97494.0	3922222.0
296.trim	86031.0	93612.0	105411.0	118187.0	134594.0	150303.0	168463.0	181749.0	196269.0	204429.0	219991.0	247087.0	263851.0	257590.0	267862.0	294503.0	300892.0	290475.0	270333.0	281798.0	287466.0	348910.0	285333.0	280051.0	297003.0	283703.0	252929.0	235004.0	226995.0	215097.0	207725.0	198493.0	190365.0	187477.0	174938.0	171164.0	168522.0	189415.0	419771.0	65740.0	2741075.0
298.trim	45382.0	46082.0	50890.0	57211.0	66153.0	73746.0	81709.0	85608.0	93154.0	98859.0	103919.0	118424.0	121656.0	119129.0	122737.0	138501.0	140921.0	135836.0	134122.0	143678.0	140022.0	174711.0	140649.0	139816.0	147283.0	142805.0	131962.0	124005.0	120638.0	119122.0	114520.0	111190.0	108993.0	117447.0	103241.0	99169.0	100215.0	114719.0	260437.0	47930.0	1787413.0
299.trim	100398.0	104551.0	112629.0	124367.0	139080.0	155085.0	169099.0	176658.0	188829.0	197689.0	208093.0	230559.0	242138.0	231585.0	237957.0	263493.0	268179.0	258710.0	248050.0	256847.0	246811.0	287139.0	243502.0	235309.0	243651.0	225779.0	201303.0	185422.0	177235.0	170202.0	158401.0	149868.0	142159.0	144674.0	126908.0	119113.0	113279.0	121238.0	234568.0	49691.0	1623216.0
301.trim	50560.0	52035.0	58291.0	65680.0	76299.0	88535.0	98273.0	103636.0	111890.0	118531.0	125728.0	142662.0	155816.0	154265.0	166577.0	195850.0	209804.0	191836.0	185887.0	194446.0	185315.0	215957.0	177552.0	172781.0	180067.0	170977.0	155348.0	145965.0	139954.0	134904.0	125618.0	120798.0	116876.0	117933.0	105663.0	101058.0	99579.0	110462.0	235625.0	41668.0	1681147.0
302.trim	59030.0	64502.0	74048.0	84945.0	95760.0	110838.0	126520.0	139470.0	153633.0	162424.0	176969.0	202894.0	219709.0	216162.0	231620.0	261676.0	272950.0	251213.0	241713.0	249156.0	249131.0	292856.0	241763.0	236646.0	253020.0	242630.0	219708.0	205719.0	199662.0	191090.0	179974.0	172411.0	164535.0	160660.0	152876.0	150627.0	148395.0	166809.0	352281.0	58535.0	2400432.0
303.trim	33182.0	35378.0	39288.0	44635.0	52073.0	59416.0	67524.0	73616.0	81504.0	86422.0	94678.0	111152.0	121634.0	120382.0	128998.0	147829.0	157200.0	149326.0	143330.0	150461.0	150930.0	187900.0	159751.0	156529.0	168801.0	163531.0	145739.0	137141.0	134648.0	130576.0	124054.0	121315.0	119457.0	118294.0	114852.0	114806.0	116556.0	140105.0	362957.0	63539.0	2754352.0
304.trim	89968.0	90441.0	98451.0	108665.0	125009.0	138891.0	153304.0	160083.0	171992.0	178418.0	188413.0	214495.0	225005.0	216693.0	222250.0	254011.0	262338.0	239262.0	223879.0	232623.0	227173.0	269605.0	223877.0	218575.0	230897.0	214698.0	188897.0	174730.0	170310.0	165248.0	151258.0	142954.0	136441.0	135722.0	121289.0	114818.0	110971.0	116301.0	216625.0	38499.0	1326745.0
305.trim	33820.0	34053.0	38351.0	42467.0	48403.0	53980.0	59177.0	62747.0	68508.0	72715.0	77045.0	89643.0	97445.0	92114.0	96879.0	114106.0	117430.0	111614.0	111705.0	121121.0	118901.0	158937.0	131390.0	124557.0	135468.0	127543.0	114231.0	105231.0	103219.0	99688.0	95246.0	94170.0	92846.0	100373.0	86224.0	83264.0	83906.0	101026.0	267339.0	51514.0	2137872.0
306.trim	38316.0	38020.0	40470.0	45552.0	53410.0	59601.0	65331.0	68052.0	73587.0	75110.0	81148.0	93572.0	103964.0	100033.0	105218.0	114759.0	116818.0	114423.0	108355.0	110913.0	116410.0	151742.0	117839.0	115763.0	127045.0	121974.0	110160.0	100019.0	100858.0	94076.0	93865.0	95565.0	93340.0	93781.0	85533.0	84925.0	89229.0	124059.0	419042.0	88655.0	3599651.0
307.trim	17607.0	18348.0	19658.0	22935.0	26960.0	30983.0	34174.0	36769.0	41625.0	44233.0	49701.0	58963.0	68537.0	68294.0	73540.0	84334.0	89454.0	90258.0	88508.0	93933.0	103867.0	138985.0	110228.0	113291.0	129443.0	125467.0	116010.0	108332.0	109127.0	102747.0	101618.0	105114.0	103877.0	103986.0	97256.0	95813.0	99277.0	137808.0	442921.0	85881.0	3706360.0
308.trim	28568.0	31821.0	36321.0	40510.0	46870.0	53841.0	59398.0	64213.0	71306.0	78100.0	85280.0	97951.0	113426.0	109518.0	119282.0	134496.0	147331.0	145755.0	136453.0	144905.0	151567.0	192194.0	151446.0	153457.0	169597.0	163646.0	145562.0	137049.0	138618.0	133527.0	131577.0	131850.0	127844.0	127872.0	123762.0	123506.0	126098.0	157081.0	421432.0	77465.0	3184036.0
309.trim	35019.0	37676.0	42587.0	47543.0	57233.0	63693.0	71965.0	78534.0	87893.0	95505.0	103746.0	118579.0	128457.0	129806.0	136495.0	154909.0	162384.0	161479.0	159723.0	172369.0	171197.0	211117.0	173740.0	172130.0	185019.0	182035.0	170855.0	162666.0	157806.0	155883.0	150156.0	150036.0	147048.0	152602.0	138557.0	136604.0	137137.0	161714.0	405002.0	71646.0	2937734.0
311.trim	31224.0	32126.0	36812.0	41234.0	47717.0	53345.0	60473.0	64786.0	71369.0	77977.0	82593.0	93098.0	99495.0	99951.0	107045.0	124962.0	134617.0	123522.0	121851.0	133180.0	130432.0	157766.0	134821.0	131770.0	139907.0	136896.0	127843.0	121244.0	120970.0	121317.0	118900.0	116598.0	114405.0	126416.0	108396.0	105618.0	106201.0	129489.0	333196.0	60567.0	2589951.0
312.trim	30705.0	31769.0	34650.0	38887.0	45679.0	49125.0	54992.0	59311.0	65240.0	69611.0	74042.0	86155.0	94821.0	92717.0	101437.0	112911.0	121809.0	128010.0	131720.0	139482.0	131620.0	169709.0	143100.0	140911.0	149710.0	143051.0	136838.0	132280.0	129289.0	124664.0	119921.0	121012.0	117546.0	122449.0	111050.0	107410.0	107022.0	130925.0	323908.0	63386.0	2610130.0
313.trim	24413.0	27098.0	30332.0	34457.0	41012.0	46932.0	53000.0	57130.0	63991.0	70018.0	76638.0	87850.0	95596.0	95483.0	103267.0	122408.0	130326.0	125434.0	123928.0	136324.0	134309.0	170075.0	134446.0	134952.0	148348.0	144248.0	132371.0	126179.0	123218.0	120213.0	116976.0	117000.0	114507.0	120288.0	108718.0	106912.0	108123.0	129317.0	339886.0	59162.0	2576999.0
314.trim	11524.0	11526.0	12515.0	13803.0	17482.0	18479.0	19044.0	19417.0	21298.0	23452.0	25121.0	29868.0	35984.0	33273.0	39229.0	48966.0	53980.0	56172.0	61210.0	68368.0	63256.0	87949.0	66554.0	68136.0	75921.0	72055.0	65627.0	59974.0	61290.0	59418.0	59775.0	67442.0	68813.0	79870.0	63683.0	61688.0	60900.0	88307.0	311810.0	73337.0	3041289.0
315.trim	70076.0	73903.0	81883.0	92171.0	104654.0	117306.0	130859.0	139334.0	151889.0	158226.0	169605.0	196526.0	204776.0	198447.0	204057.0	233824.0	238186.0	223215.0	216468.0	227231.0	229647.0	284795.0	232761.0	227170.0	241802.0	230853.0	210188.0	194922.0	188490.0	183248.0	172466.0	165197.0	159227.0	160789.0	143629.0	137534.0	133540.0	140449.0	258477.0	39913.0	1544947.0
316.trim	44414.0	47556.0	53186.0	59813.0	69986.0	77468.0	86680.0	93751.0	104742.0	112405.0	124659.0	141006.0	151650.0	152806.0	162713.0	183118.0	190869.0	192107.0	192896.0	208910.0	211690.0	264705.0	222683.0	220485.0	233749.0	229577.0	216432.0	206992.0	202116.0	198421.0	191672.0	188737.0	186024.0	190137.0	175670.0	170658.0	170567.0	190239.0	433138.0	73195.0	2870924.0
317.trim	28402.0	29806.0	32816.0	35582.0	41072.0	44379.0	49398.0	52208.0	56895.0	59974.0	64685.0	72676.0	77496.0	75891.0	79801.0	91260.0	94698.0	94159.0	93141.0	101786.0	102755.0	131511.0	109042.0	109210.0	117555.0	114516.0	108287.0	103610.0	102520.0	101332.0	98038.0	97726.0	98277.0	100966.0	93416.0	92185.0	92961.0	109668.0	287517.0	51676.0	2133526.0
318.trim	23602.0	26289.0	29856.0	33805.0	39942.0	46278.0	51551.0	56651.0	63019.0	69703.0	75644.0	87331.0	96611.0	96106.0	103847.0	116885.0	125128.0	122075.0	118450.0	126949.0	131523.0	161133.0	130823.0	131207.0	143398.0	138405.0	125847.0	118541.0	117827.0	116281.0	112985.0	111643.0	109222.0	113257.0	102529.0	101034.0	101184.0	120905.0	304197.0	50588.0	2122634.0
319.trim	22130.0	22379.0	24970.0	28195.0	34183.0	36860.0	40761.0	45167.0	50992.0	54418.0	61200.0	74265.0	86942.0	84688.0	93040.0	105563.0	110835.0	110154.0	107953.0	115286.0	123856.0	174363.0	132763.0	131869.0	143631.0	140971.0	131396.0	122193.0	120038.0	113069.0	112468.0	117553.0	117145.0	124558.0	109691.0	104265.0	107623.0	150440.0	443014.0	86442.0	3663024.0
321.trim	26353.0	27207.0	30057.0	33579.0	38811.0	43172.0	48177.0	50415.0	56816.0	60489.0	66266.0	76404.0	82291.0	81291.0	86901.0	102194.0	105402.0	106714.0	110073.0	120928.0	121669.0	156754.0	127917.0	128952.0	139005.0	136362.0	126863.0	120004.0	118077.0	116028.0	111610.0	112202.0	111032.0	120674.0	103044.0	98789.0	99160.0	118722.0	293307.0	50410.0	2163196.0
322.trim	39144.0	40434.0	43455.0	48280.0	55194.0	61344.0	67526.0	70613.0	77115.0	82053.0	87669.0	98732.0	106656.0	106342.0	114059.0	130673.0	135859.0	135497.0	135676.0	147179.0	144604.0	182672.0	151544.0	148771.0	159112.0	156481.0	144562.0	137615.0	135396.0	131293.0	128858.0	126639.0	123715.0	124092.0	117403.0	116864.0	117918.0	140164.0	346800.0	60345.0	2623346.0
323.trim	79795.0	84617.0	93830.0	104994.0	116541.0	129776.0	145206.0	155698.0	167676.0	174427.0	189273.0	210786.0	222585.0	215871.0	227008.0	253357.0	258865.0	243072.0	232894.0	242535.0	245150.0	298901.0	291178.0	273700.0	275506.0	252492.0	223122.0	206152.0	196616.0	191315.0	179059.0	172801.0	162892.0	158706.0	149105.0	143543.0	140413.0	150533.0	309340.0	48975.0	1926975.0
324.trim	36646.0	39289.0	44636.0	52685.0	63177.0	73028.0	86338.0	96643.0	106399.0	115653.0	128006.0	145605.0	168723.0	164338.0	189793.0	206344.0	231184.0	236082.0	220797.0	216499.0	202439.0	230044.0	200987.0	193304.0	201788.0	195411.0	184972.0	173816.0	169665.0	160633.0	153237.0	150633.0	144496.0	144817.0	132664.0	128215.0	125496.0	138614.0	323174.0	55873.0	2289746.0
325.trim	34758.0	36139.0	38755.0	44247.0	51054.0	57234.0	64169.0	68641.0	76385.0	81688.0	89013.0	102482.0	109313.0	110082.0	116818.0	132933.0	136237.0	136906.0	138091.0	149518.0	150949.0	189794.0	158301.0	158989.0	169715.0	166581.0	154686.0	146632.0	144379.0	142577.0	137318.0	134641.0	132203.0	136961.0	124892.0	122224.0	123282.0	147043.0	362139.0	64473.0	2748158.0
326.trim	29279.0	31929.0	36537.0	41975.0	48946.0	56659.0	65235.0	72239.0	80906.0	87911.0	97030.0	113205.0	125750.0	127260.0	138733.0	154443.0	164397.0	162208.0	154514.0	162891.0	174988.0	219284.0	178985.0	183158.0	203506.0	197558.0	178657.0	169000.0	167312.0	162943.0	160748.0	158936.0	150914.0	148829.0	144024.0	145341.0	149027.0	181285.0	456703.0	83176.0	3344955.0
327.trim	17635.0	19021.0	21301.0	24848.0	29745.0	33620.0	37498.0	40883.0	46364.0	50355.0	56274.0	64923.0	71731.0	71910.0	78486.0	89494.0	92865.0	95901.0	96988.0	105615.0	107846.0	134961.0	111968.0	113929.0	123652.0	120464.0	112793.0	107978.0	106489.0	104671.0	101970.0	103929.0	102003.0	104311.0	96974.0	95413.0	97434.0	116466.0	309656.0	56248.0	2302798.0
328.trim	125578.0	133508.0	147778.0	164863.0	183783.0	206194.0	227985.0	240597.0	256527.0	266902.0	281348.0	309445.0	328761.0	319931.0	329806.0	359621.0	375880.0	346251.0	326384.0	330176.0	333328.0	386769.0	344625.0	330018.0	336739.0	312775.0	274674.0	254285.0	242559.0	232820.0	214648.0	201875.0	189999.0	181855.0	168084.0	159394.0	151271.0	155888.0	290510.0	52198.0	1916258.0
329.trim	19671.0	19958.0	21882.0	24080.0	31130.0	33470.0	37022.0	38585.0	43422.0	48398.0	53056.0	62419.0	68976.0	69307.0	77005.0	95467.0	107950.0	101906.0	104781.0	118643.0	110721.0	148952.0	122379.0	121465.0	133187.0	129893.0	126501.0	122908.0	122957.0	120595.0	118114.0	122454.0	122248.0	129582.0	117459.0	116522.0	119888.0	165005.0	498501.0	101137.0	4299268.0
331.trim	43750.0	44820.0	49657.0	53837.0	78466.0	68696.0	61092.0	54421.0	57001.0	62948.0	63967.0	76059.0	83055.0	72990.0	81955.0	103979.0	106217.0	109734.0	118343.0	133849.0	114013.0	164489.0	137732.0	134898.0	137655.0	123386.0	109434.0	98893.0	97250.0	94598.0	93540.0	104663.0	104900.0	126393.0	89250.0	86922.0	86056.0	113800.0	307995.0	66191.0	2574300.0
332.trim	26937.0	28776.0	32536.0	36076.0	44594.0	45117.0	47717.0	49167.0	54841.0	56708.0	61924.0	75839.0	91821.0	81051.0	87403.0	100264.0	106835.0	105956.0	99616.0	104150.0	109132.0	160667.0	110424.0	109173.0	124090.0	117497.0	103696.0	93697.0	93153.0	83172.0	79244.0	83413.0	82229.0	84477.0	72916.0	69062.0	69587.0	89281.0	264098.0	48923.0	2016197.0
333.trim	19898.0	20771.0	22495.0	24475.0	28789.0	31061.0	34283.0	36259.0	40829.0	43062.0	47850.0	57769.0	61274.0	60029.0	65546.0	77436.0	84842.0	82117.0	78717.0	87298.0	89627.0	122463.0	98244.0	97150.0	106425.0	104279.0	96149.0	90880.0	89010.0	87167.0	85572.0	84998.0	82415.0	89093.0	79141.0	78735.0	79618.0	103459.0	278568.0	49300.0	2181705.0
334.trim	16027.0	16652.0	18449.0	20483.0	27690.0	26514.0	26326.0	25207.0	27068.0	28353.0	30805.0	37132.0	42654.0	39423.0	46243.0	57367.0	64637.0	66716.0	72825.0	81160.0	73336.0	112688.0	82169.0	81828.0	93541.0	87355.0	80846.0	75135.0	73828.0	72803.0	72122.0	79096.0	80692.0	93735.0	74680.0	71496.0	72499.0	102419.0	314439.0	77683.0	3059943.0
335.trim	32123.0	32211.0	34606.0	38010.0	43636.0	47859.0	51901.0	54095.0	58024.0	60713.0	64048.0	72858.0	77908.0	76395.0	79611.0	89360.0	91216.0	88506.0	86544.0	93144.0	93506.0	118920.0	98585.0	97567.0	105332.0	101004.0	90691.0	84742.0	83991.0	83122.0	81364.0	80901.0	79805.0	84406.0	74737.0	74060.0	75127.0	92947.0	254772.0	45911.0	1943177.0
336.trim	29623.0	30010.0	33134.0	36667.0	40982.0	46110.0	50604.0	53524.0	59081.0	60510.0	64724.0	78024.0	100938.0	85729.0	96405.0	111075.0	124807.0	132712.0	114476.0	118450.0	121596.0	173039.0	123625.0	121879.0	141223.0	133026.0	115498.0	104541.0	106664.0	94557.0	88764.0	88643.0	87858.0	87521.0	81593.0	78719.0	81336.0	116387.0	423613.0	87531.0	3690104.0
337.trim	43964.0	46363.0	51578.0	59465.0	67810.0	77702.0	89520.0	99481.0	109380.0	116703.0	129220.0	156881.0	169409.0	166216.0	180211.0	210565.0	220521.0	211208.0	202023.0	220281.0	244863.0	335556.0	259449.0	242356.0	272963.0	263530.0	234910.0	219218.0	216648.0	213059.0	201315.0	197512.0	190535.0	189721.0	182607.0	181554.0	182655.0	211791.0	477065.0	75505.0	3239614.0
338.trim	22656.0	22748.0	25076.0	27698.0	32237.0	35819.0	41224.0	45401.0	51372.0	55169.0	59923.0	72162.0	79537.0	77443.0	83317.0	99206.0	107339.0	106085.0	105115.0	115741.0	115580.0	156050.0	119569.0	119165.0	133977.0	133178.0	119718.0	112611.0	111002.0	107696.0	102376.0	100776.0	99445.0	103514.0	93848.0	92129.0	94216.0	117239.0	310136.0	64612.0	2637396.0
339.trim	38282.0	40241.0	45221.0	50560.0	58835.0	64487.0	73389.0	79376.0	87695.0	92533.0	101479.0	117753.0	129059.0	123887.0	132192.0	155068.0	162903.0	152968.0	149564.0	161117.0	165383.0	217151.0	172959.0	157690.0	169645.0	159736.0	141246.0	130109.0	126124.0	122476.0	116715.0	112099.0	107682.0	108375.0	97701.0	96627.0	97458.0	118211.0	305894.0	55020.0	2358057.0
34.trim	27428.0	28812.0	32762.0	36564.0	43188.0	48826.0	53683.0	55191.0	60003.0	60979.0	66981.0	77489.0	79636.0	76066.0	77640.0	83553.0	86679.0	85604.0	80569.0	85481.0	102433.0	134927.0	129925.0	117917.0	122473.0	119344.0	98232.0	89360.0	89104.0	90053.0	90290.0	87013.0	87114.0	87701.0	77304.0	80488.0	80515.0	116736.0	341234.0	89757.0	3258818.0
341.trim	36015.0	37723.0	42076.0	45667.0	50732.0	57351.0	63260.0	67731.0	72345.0	74825.0	80283.0	92413.0	99332.0	94222.0	99465.0	116512.0	122760.0	116995.0	108066.0	114053.0	113267.0	149039.0	142065.0	131981.0	135659.0	122872.0	105809.0	97605.0	93771.0	93417.0	89388.0	83661.0	80736.0	80006.0	74475.0	74581.0	75324.0	90129.0	230260.0	40392.0	1754824.0
342.trim	43113.0	44032.0	48234.0	54696.0	64321.0	70779.0	79077.0	86120.0	95825.0	101170.0	108376.0	128405.0	136145.0	132260.0	141525.0	163086.0	169153.0	167390.0	164788.0	176242.0	181498.0	239018.0	192190.0	191370.0	210971.0	206562.0	191064.0	183895.0	182300.0	183913.0	179587.0	175051.0	169745.0	179775.0	161860.0	163471.0	164879.0	186884.0	393511.0	62586.0	2521450.0
343.trim	65040.0	68925.0	77089.0	84758.0	93195.0	103535.0	114695.0	122895.0	132837.0	137326.0	144566.0	161803.0	178382.0	169456.0	179491.0	208985.0	229519.0	201055.0	178959.0	180187.0	184182.0	245052.0	324284.0	284686.0	269614.0	223611.0	170690.0	150271.0	138421.0	134208.0	127419.0	115140.0	107470.0	101542.0	95401.0	92076.0	90266.0	97268.0	206778.0	37452.0	1371807.0
344.trim	140533.0	138694.0	150699.0	158839.0	177364.0	192332.0	201172.0	208183.0	224194.0	235934.0	245561.0	282885.0	300509.0	278586.0	278370.0	345867.0	399055.0	357564.0	295380.0	315196.0	288806.0	362823.0	272955.0	260783.0	275137.0	247308.0	200856.0	180005.0	170921.0	165126.0	143993.0	135155.0	129422.0	135243.0	109081.0	99245.0	95620.0	105667.0	196111.0	43820.0	1484726.0
345.trim	53490.0	55809.0	61105.0	68915.0	77068.0	86733.0	96927.0	104334.0	110757.0	115793.0	122132.0	136947.0	144398.0	139618.0	145374.0	161311.0	165605.0	152192.0	143309.0	147425.0	145346.0	168817.0	139510.0	136417.0	143550.0	134881.0	119205.0	110850.0	106591.0	102499.0	95521.0	91776.0	85757.0	83525.0	77340.0	75318.0	74372.0	80753.0	162874.0	24948.0	1011281.0
346.trim	28888.0	30642.0	33951.0	39083.0	44693.0	50379.0	57866.0	62242.0	68660.0	74084.0	80719.0	91664.0	100652.0	100913.0	108433.0	123545.0	133394.0	133842.0	125125.0	131247.0	127700.0	157595.0	154271.0	142127.0	143376.0	132850.0	118540.0	109770.0	107007.0	104686.0	99987.0	95370.0	92786.0	91443.0	84237.0	83101.0	83494.0	95964.0	235144.0	44155.0	1752331.0
347.trim	20561.0	20258.0	21202.0	23608.0	27706.0	30666.0	33407.0	33792.0	37280.0	38469.0	42121.0	47339.0	52984.0	52157.0	55847.0	60473.0	63208.0	63927.0	61318.0	64724.0	69018.0	90041.0	73443.0	74014.0	81679.0	80937.0	75829.0	72358.0	73833.0	70595.0	71006.0	73516.0	72406.0	72428.0	69431.0	69597.0	74957.0	111800.0	420560.0	88046.0	3772165.0
348.trim	31249.0	31996.0	34950.0	38832.0	45911.0	50391.0	56463.0	58807.0	64619.0	70907.0	76585.0	86320.0	92822.0	91567.0	97146.0	114334.0	120610.0	120463.0	121525.0	134465.0	127505.0	158683.0	129706.0	130215.0	141268.0	137783.0	129407.0	124009.0	123363.0	122459.0	118767.0	118954.0	120308.0	137553.0	112924.0	108840.0	111122.0	135969.0	356958.0	67143.0	2850094.0
349.trim	55088.0	57079.0	60393.0	66664.0	75634.0	80912.0	89122.0	93828.0	102920.0	105853.0	112524.0	125620.0	133199.0	128475.0	132955.0	151599.0	157735.0	149475.0	142124.0	151122.0	148511.0	178668.0	144904.0	141234.0	150837.0	143617.0	128708.0	120796.0	115370.0	112633.0	104907.0	100935.0	96317.0	96201.0	86808.0	82210.0	79646.0	85713.0	163256.0	29145.0	1035734.0
35.trim	42612.0	42144.0	43188.0	42394.0	42264.0	46321.0	40739.0	36275.0	38311.0	38090.0	38018.0	38879.0	35475.0	32305.0	28775.0	28945.0	28765.0	26081.0	23911.0	25016.0	25545.0	47466.0	159205.0	117827.0	95610.0	55626.0	34948.0	28942.0	31274.0	73462.0	111516.0	39009.0	24490.0	23845.0	23005.0	23176.0	27987.0	46540.0	55066.0	15628.0	383447.0
37.trim	30915.0	32641.0	37719.0	43682.0	47476.0	51693.0	63461.0	65222.0	71980.0	72073.0	76370.0	91608.0	94036.0	88751.0	89106.0	95325.0	105220.0	96759.0	87952.0	95226.0	127069.0	236564.0	202911.0	167811.0	174575.0	165476.0	115948.0	90385.0	88224.0	87603.0	84680.0	79964.0	78092.0	78924.0	65947.0	69270.0	67357.0	89484.0	353304.0	73435.0	3486261.0
39.trim	23523.0	23871.0	26842.0	30501.0	34850.0	39392.0	43608.0	47323.0	53643.0	56389.0	61100.0	78644.0	86801.0	81610.0	82327.0	98626.0	103663.0	97254.0	92343.0	102002.0	110361.0	173962.0	116637.0	113059.0	129226.0	124962.0	108902.0	94836.0	93135.0	91508.0	83228.0	80914.0	79431.0	79072.0	71024.0	72384.0	75074.0	100134.0	290541.0	53066.0	2394586.0
401.trim	6767.0	6808.0	7640.0	8840.0	10110.0	11366.0	11518.0	12222.0	13852.0	15200.0	17765.0	22767.0	24557.0	23150.0	23436.0	28544.0	31866.0	31655.0	31626.0	35270.0	39834.0	67879.0	43868.0	44100.0	47923.0	47472.0	44919.0	39249.0	39303.0	38232.0	36572.0	40889.0	44675.0	65131.0	40301.0	37523.0	41621.0	73343.0	266316.0	59875.0	2556737.0
402.trim	23038.0	24139.0	27244.0	31638.0	36564.0	40698.0	44943.0	49172.0	57087.0	60041.0	67065.0	85513.0	95410.0	89893.0	93258.0	115532.0	118251.0	112497.0	108826.0	120891.0	124353.0	182001.0	126248.0	123535.0	140062.0	135210.0	116764.0	104025.0	102687.0	100500.0	92039.0	88976.0	88449.0	89507.0	80297.0	81551.0	82267.0	102544.0	271070.0	45944.0	1990128.0
403.trim	16510.0	17372.0	20067.0	23688.0	27161.0	31739.0	37750.0	42839.0	49409.0	52353.0	58789.0	78463.0	87812.0	84806.0	90849.0	110432.0	119407.0	111750.0	105506.0	115086.0	123659.0	180898.0	138330.0	136303.0	158801.0	155762.0	136003.0	124036.0	125621.0	124983.0	113212.0	109111.0	105570.0	106466.0	100852.0	100873.0	105215.0	135395.0	351530.0	57770.0	2661638.0
404.trim	11570.0	12249.0	13942.0	16485.0	19243.0	22041.0	25467.0	29027.0	34622.0	36680.0	41677.0	57642.0	69352.0	65604.0	70972.0	89067.0	95610.0	94269.0	90865.0	104598.0	118479.0	198801.0	132266.0	131305.0	157805.0	159121.0	144040.0	127117.0	125198.0	119574.0	109115.0	108828.0	106107.0	111315.0	97180.0	97624.0	107019.0	155570.0	414667.0	66067.0	3113752.0
41.trim	13274.0	13765.0	16072.0	19337.0	26965.0	27748.0	28392.0	28541.0	32532.0	35008.0	39543.0	49004.0	53478.0	52976.0	56012.0	65715.0	70879.0	69532.0	70225.0	78643.0	100133.0	153350.0	114637.0	114412.0	132814.0	135573.0	113525.0	99911.0	98804.0	100431.0	104767.0	112418.0	110406.0	123244.0	96908.0	100358.0	101873.0	150415.0	493249.0	108417.0	4658385.0
411.trim	17848.0	18701.0	20776.0	24620.0	29668.0	33137.0	37047.0	41355.0	47560.0	50968.0	56303.0	73273.0	79833.0	77111.0	79499.0	95688.0	101814.0	98427.0	95703.0	107459.0	113431.0	178419.0	121735.0	120437.0	136591.0	135307.0	117956.0	105397.0	103623.0	103832.0	96791.0	97185.0	95677.0	107329.0	89046.0	86651.0	89013.0	118555.0	354775.0	62264.0	2893851.0
412.trim	16355.0	16443.0	19288.0	22476.0	19080.0	15906.0	21822.0	27249.0	38170.0	28345.0	29757.0	51804.0	61418.0	45767.0	45403.0	74744.0	78863.0	58238.0	41940.0	49712.0	79949.0	245598.0	409725.0	307846.0	265554.0	180095.0	109723.0	82072.0	76508.0	67213.0	68108.0	53033.0	44916.0	42786.0	41712.0	48395.0	51197.0	79196.0	298375.0	68314.0	3317595.0
413.trim	13562.0	15078.0	17869.0	22268.0	25438.0	30311.0	36065.0	42424.0	48662.0	51191.0	56720.0	73357.0	87534.0	82437.0	87287.0	103449.0	115163.0	110432.0	99809.0	108002.0	122923.0	184754.0	130309.0	127115.0	148101.0	145588.0	125936.0	113656.0	117312.0	111675.0	106145.0	104461.0	100607.0	99445.0	93929.0	95316.0	99248.0	126861.0	351239.0	53507.0	2555207.0
414.trim	96797.0	98977.0	109002.0	120801.0	129005.0	140408.0	152104.0	157189.0	168466.0	164830.0	168153.0	206735.0	207983.0	182263.0	170966.0	186325.0	185140.0	161641.0	143683.0	144161.0	134914.0	173364.0	127884.0	115606.0	117602.0	102125.0	83273.0	71251.0	65166.0	60125.0	51742.0	45101.0	41106.0	37328.0	32659.0	29973.0	28956.0	30968.0	52582.0	10296.0	353381.0
421.trim	28090.0	29792.0	32476.0	34783.0	39882.0	45012.0	49807.0	52655.0	58822.0	62449.0	68144.0	81091.0	89282.0	87974.0	91322.0	105428.0	112737.0	109773.0	105956.0	118791.0	120907.0	162081.0	128954.0	126901.0	136600.0	129724.0	114607.0	104416.0	104239.0	104573.0	98009.0	94260.0	94573.0	94048.0	87564.0	88702.0	91607.0	125864.0	413877.0	79810.0	3518743.0
43.trim	27349.0	28842.0	32432.0	37331.0	43194.0	49036.0	55433.0	61724.0	69831.0	74894.0	83028.0	105155.0	117001.0	114916.0	119506.0	142518.0	151674.0	144882.0	137833.0	153906.0	163985.0	243045.0	170314.0	168163.0	188567.0	181676.0	156676.0	139865.0	139461.0	137906.0	126774.0	119660.0	117828.0	113315.0	105330.0	106846.0	108148.0	129163.0	334171.0	53038.0	2360791.0
431b.trim	15400.0	16611.0	18550.0	21646.0	26769.0	29741.0	33037.0	34653.0	39678.0	43816.0	48156.0	62646.0	69623.0	66035.0	69082.0	83858.0	87391.0	83972.0	81552.0	90754.0	97813.0	153335.0	105420.0	101688.0	114990.0	112696.0	100146.0	89729.0	87912.0	88905.0	81501.0	82327.0	80430.0	92802.0	73249.0	71709.0	76740.0	118874.0	350954.0	67125.0	3055055.0
432.trim	19278.0	24190.0	29584.0	42845.0	84065.0	61814.0	39890.0	23906.0	18812.0	18009.0	15150.0	20495.0	16968.0	14341.0	12256.0	18138.0	17826.0	14099.0	14677.0	15730.0	19373.0	38831.0	34153.0	29664.0	38922.0	38920.0	31828.0	24124.0	20613.0	26209.0	44431.0	80671.0	81846.0	139161.0	52364.0	36883.0	27847.0	59434.0	297282.0	153565.0	4085153.0
434.trim	13117.0	13582.0	16343.0	20125.0	21987.0	25258.0	31602.0	36788.0	45941.0	45411.0	51571.0	84623.0	95284.0	83550.0	84952.0	116083.0	122537.0	107309.0	96181.0	106144.0	127428.0	239718.0	145939.0	139359.0	176561.0	177932.0	156336.0	131294.0	132217.0	127240.0	116648.0	107698.0	102327.0	101375.0	96167.0	98069.0	107583.0	151242.0	377762.0	56073.0	2883043.0
44.trim	23347.0	26053.0	24627.0	22326.0	26053.0	33918.0	31967.0	34220.0	42786.0	45904.0	40711.0	32250.0	15582.0	13721.0	11922.0	13395.0	12866.0	11588.0	11120.0	10157.0	11527.0	15996.0	48742.0	44173.0	41325.0	25852.0	14620.0	14607.0	21351.0	44929.0	71824.0	22724.0	8770.0	8102.0	8435.0	8698.0	10093.0	8640.0	12129.0	11001.0	52798.0
441.trim	35852.0	35875.0	38858.0	41561.0	43184.0	46018.0	54224.0	60971.0	65859.0	56662.0	64294.0	78346.0	86601.0	75604.0	76260.0	104347.0	95677.0	84773.0	74253.0	84075.0	92346.0	423359.0	1247978.0	824850.0	595312.0	296689.0	166775.0	126114.0	101472.0	115651.0	124421.0	103737.0	102664.0	91671.0	97471.0	99032.0	108610.0	134829.0	260717.0	34311.0	1620962.0
442b.trim	48305.0	45555.0	49750.0	57352.0	62142.0	63559.0	71666.0	70416.0	72755.0	72906.0	78800.0	100807.0	98036.0	81327.0	83087.0	100654.0	105339.0	87062.0	69607.0	74138.0	94312.0	108934.0	75365.0	74580.0	97277.0	96006.0	61474.0	51385.0	50601.0	48786.0	51169.0	58468.0	56952.0	76218.0	46514.0	41567.0	42393.0	62323.0	226219.0	57654.0	2054533.0
443.trim	19185.0	20389.0	23587.0	28354.0	30987.0	35893.0	42049.0	47065.0	52901.0	54018.0	58516.0	73587.0	87955.0	81138.0	83533.0	97199.0	109312.0	103336.0	91950.0	98816.0	114339.0	173653.0	118537.0	118665.0	140402.0	136269.0	112983.0	100121.0	105075.0	100192.0	92689.0	91657.0	88760.0	88781.0	82612.0	83251.0	90581.0	118797.0	336522.0	53310.0	2459429.0
444.trim	15307.0	16793.0	19776.0	24800.0	26891.0	32485.0	39175.0	44931.0	54386.0	55403.0	60318.0	84810.0	101694.0	95765.0	101457.0	137395.0	146448.0	133844.0	115127.0	123410.0	145844.0	218434.0	157410.0	157283.0	194695.0	195667.0	166117.0	146304.0	151163.0	144395.0	137497.0	129820.0	123439.0	121241.0	118902.0	121932.0	131248.0	178047.0	434994.0	67482.0	3274705.0
445.trim	15732.0	16710.0	19078.0	22073.0	26209.0	30170.0	34743.0	38251.0	43531.0	47752.0	52804.0	66289.0	76077.0	74356.0	80376.0	95969.0	102583.0	100428.0	95937.0	104913.0	111106.0	153757.0	116840.0	117530.0	134400.0	132148.0	115304.0	107176.0	107678.0	107162.0	101444.0	99330.0	99316.0	101044.0	93868.0	94598.0	98640.0	131579.0	378377.0	63418.0	2910295.0
45.trim	34442.0	37621.0	43703.0	49096.0	55324.0	63255.0	68242.0	72391.0	80457.0	83691.0	88990.0	105456.0	121113.0	116446.0	116984.0	127175.0	131513.0	130514.0	125683.0	137108.0	161519.0	250966.0	176833.0	169400.0	179267.0	173378.0	162184.0	132477.0	128809.0	123038.0	117814.0	117403.0	119785.0	116923.0	101901.0	97447.0	92879.0	109428.0	319631.0	53414.0	2301094.0
451.trim	39754.0	41939.0	48771.0	56985.0	62620.0	72265.0	82383.0	91093.0	102269.0	105558.0	114444.0	144842.0	156494.0	145460.0	150830.0	169904.0	183445.0	166109.0	147418.0	154369.0	165202.0	233734.0	170825.0	166520.0	191736.0	182416.0	157894.0	141579.0	141058.0	136432.0	123721.0	116271.0	110711.0	109422.0	104408.0	106134.0	110284.0	153742.0	424199.0	72338.0	3470319.0
452b.trim	18400.0	19190.0	21515.0	24747.0	28485.0	32160.0	35369.0	37716.0	42714.0	45982.0	49648.0	59298.0	67605.0	64650.0	66374.0	77763.0	84897.0	84580.0	78339.0	85970.0	88764.0	133428.0	92167.0	90356.0	100630.0	96813.0	84130.0	75762.0	76447.0	75465.0	69185.0	67603.0	67831.0	70289.0	61383.0	60310.0	63625.0	90342.0	300352.0	58479.0	2589120.0
453.trim	17080.0	18112.0	20700.0	24586.0	28107.0	32276.0	38578.0	43373.0	49978.0	52973.0	58543.0	77272.0	86759.0	82450.0	86477.0	104596.0	112474.0	104222.0	95990.0	102684.0	109416.0	157711.0	114373.0	112665.0	132275.0	128515.0	112314.0	101195.0	102109.0	102490.0	92504.0	88529.0	86232.0	87797.0	81605.0	81633.0	85024.0	104927.0	255219.0	39683.0	1796139.0
46.trim	26688.0	27817.0	32471.0	37963.0	43507.0	48722.0	52062.0	53571.0	60250.0	62304.0	71102.0	85802.0	93299.0	82263.0	85409.0	97368.0	107836.0	103363.0	93630.0	102383.0	126132.0	174322.0	124133.0	121969.0	135509.0	133240.0	107634.0	93054.0	92951.0	86830.0	83082.0	86464.0	85639.0	89028.0	72504.0	71716.0	76913.0	120161.0	401518.0	83439.0	3647401.0
461b.trim	10623.0	10682.0	11928.0	13512.0	16062.0	18854.0	21299.0	22479.0	25722.0	27869.0	30601.0	38667.0	43808.0	43342.0	45269.0	54739.0	58633.0	59149.0	57716.0	65912.0	72887.0	116767.0	82934.0	82162.0	93096.0	91140.0	81168.0	73910.0	73504.0	74082.0	68726.0	68850.0	67294.0	67731.0	61207.0	62008.0	67772.0	98927.0	267784.0	45150.0	2143412.0
462b.trim	66177.0	64718.0	73471.0	84796.0	101969.0	107500.0	122461.0	129300.0	142663.0	140275.0	150717.0	198894.0	227043.0	198805.0	196026.0	239331.0	245763.0	223061.0	191888.0	200544.0	237915.0	357551.0	263997.0	243082.0	279547.0	262316.0	202799.0	167944.0	158251.0	145371.0	141511.0	144813.0	142366.0	151145.0	116611.0	109732.0	117207.0	162237.0	385016.0	59093.0	2689388.0
47.trim	12946.0	13407.0	14807.0	17383.0	19955.0	22658.0	24918.0	26866.0	30028.0	31500.0	34159.0	41623.0	46884.0	45819.0	48922.0	54431.0	59618.0	60094.0	59557.0	65631.0	76324.0	124139.0	86376.0	84650.0	93341.0	92579.0	84653.0	75222.0	76431.0	72400.0	70251.0	70724.0	69795.0	67203.0	62909.0	65722.0	69823.0	108156.0	337784.0	65870.0	2778069.0
471b.trim	16206.0	16623.0	18797.0	21307.0	25504.0	29218.0	33250.0	35621.0	40394.0	44144.0	48570.0	61624.0	69381.0	68767.0	72612.0	86075.0	93839.0	91427.0	87506.0	97393.0	106342.0	162162.0	117550.0	116356.0	129874.0	126863.0	113131.0	101351.0	100752.0	100811.0	94424.0	94088.0	92715.0	99707.0	84839.0	84273.0	92091.0	133919.0	357765.0	62754.0	2819739.0
472b.trim	26432.0	26933.0	30320.0	34601.0	40931.0	47831.0	54262.0	57752.0	65436.0	70576.0	77038.0	95452.0	103503.0	100875.0	106255.0	127916.0	150080.0	133845.0	118343.0	129802.0	134440.0	194905.0	140027.0	135920.0	147773.0	141230.0	124563.0	110748.0	108572.0	109099.0	99670.0	96397.0	92686.0	95650.0	82536.0	81572.0	84053.0	110473.0	276946.0	46373.0	2063097.0
473.trim	10524.0	11090.0	12811.0	15283.0	17545.0	20421.0	23533.0	26499.0	31267.0	33355.0	37169.0	50293.0	58141.0	56534.0	60461.0	76302.0	85986.0	80273.0	75627.0	84826.0	95539.0	146796.0	106195.0	106633.0	127421.0	128188.0	114155.0	105480.0	106220.0	105246.0	100394.0	98650.0	97974.0	100593.0	94732.0	95973.0	104847.0	149450.0	406927.0	67199.0	3223179.0
474.trim	14438.0	15549.0	18037.0	22134.0	25191.0	29649.0	35251.0	40342.0	47513.0	50164.0	54552.0	71557.0	85744.0	80686.0	86256.0	104902.0	116219.0	110295.0	96276.0	102683.0	118688.0	173990.0	127581.0	128881.0	155992.0	154064.0	131919.0	120496.0	124397.0	118398.0	112595.0	110927.0	107999.0	106320.0	102837.0	104080.0	111978.0	161557.0	503554.0	86261.0	4332562.0
475.trim	18281.0	20067.0	22909.0	27748.0	31552.0	37663.0	43924.0	49447.0	54522.0	57817.0	62076.0	75632.0	87003.0	83344.0	88549.0	99534.0	111280.0	106366.0	94398.0	100165.0	110677.0	150722.0	115251.0	114253.0	128111.0	124818.0	107152.0	99092.0	101770.0	100628.0	97207.0	95430.0	92181.0	89028.0	85902.0	88102.0	94387.0	132098.0	418761.0	72054.0	3577813.0
476.trim	7002.0	7395.0	9000.0	11709.0	12921.0	15479.0	19078.0	22025.0	26821.0	29191.0	32375.0	42749.0	51430.0	51403.0	54871.0	74636.0	78714.0	71837.0	64930.0	71289.0	82389.0	116798.0	93819.0	96662.0	115077.0	118415.0	102227.0	94075.0	97481.0	97957.0	99213.0	93110.0	88170.0	86860.0	86003.0	87523.0	93288.0	120834.0	267498.0	38065.0	1839799.0
477.trim	16218.0	16734.0	18269.0	20811.0	24848.0	27692.0	29763.0	32280.0	36656.0	38991.0	42432.0	51761.0	58927.0	57110.0	60204.0	71362.0	79401.0	80041.0	76988.0	84833.0	87619.0	124647.0	93331.0	94646.0	107018.0	105560.0	93539.0	88054.0	90552.0	90840.0	86766.0	87336.0	89723.0	97407.0	84128.0	82341.0	86271.0	116631.0	403155.0	70841.0	3348981.0
481.trim	50496.0	48769.0	55126.0	63410.0	79343.0	75155.0	80652.0	82285.0	89629.0	91124.0	97601.0	129325.0	135880.0	122042.0	125675.0	147773.0	157007.0	143358.0	131627.0	139957.0	165822.0	270498.0	194298.0	181545.0	210163.0	202626.0	160208.0	139193.0	137069.0	134568.0	136482.0	134626.0	130732.0	141791.0	110146.0	105294.0	105034.0	130907.0	293557.0	47074.0	2013272.0
482.trim	9299.0	10084.0	12043.0	15125.0	17151.0	19987.0	25798.0	29370.0	35838.0	38240.0	43261.0	59990.0	71939.0	68647.0	75016.0	105475.0	108602.0	95429.0	82473.0	89431.0	104738.0	150701.0	111131.0	113542.0	136228.0	136564.0	115084.0	103123.0	106223.0	105075.0	102128.0	97735.0	92495.0	87947.0	86059.0	86409.0	90289.0	120347.0	284617.0	44382.0	2068046.0
483.trim	54875.0	53732.0	61017.0	68376.0	77039.0	84985.0	96003.0	100081.0	109098.0	112635.0	121257.0	168171.0	179675.0	155207.0	156743.0	201768.0	212477.0	176370.0	155081.0	167229.0	168538.0	263248.0	164602.0	153937.0	177602.0	165333.0	133651.0	115019.0	106608.0	102115.0	84556.0	79660.0	74653.0	82169.0	61905.0	57459.0	57685.0	69956.0	135516.0	25944.0	889642.0
484.trim	13939.0	14497.0	16311.0	18972.0	22002.0	24971.0	27991.0	30197.0	36073.0	39035.0	44265.0	56297.0	62345.0	59772.0	62775.0	76430.0	80437.0	79828.0	79982.0	92411.0	97505.0	150379.0	104574.0	104410.0	118634.0	115962.0	102962.0	91645.0	91554.0	91293.0	83429.0	80489.0	81101.0	80854.0	73100.0	74342.0	76813.0	98159.0	268995.0	49239.0	2126296.0
485.trim	13523.0	14126.0	15881.0	18460.0	21169.0	24354.0	28409.0	31492.0	36818.0	39474.0	44467.0	60096.0	67332.0	64934.0	70192.0	87236.0	94176.0	90078.0	87755.0	97360.0	104976.0	157560.0	113410.0	112756.0	136094.0	134641.0	120985.0	112058.0	112356.0	111159.0	105085.0	102571.0	102076.0	103375.0	98805.0	100351.0	107393.0	148156.0	425507.0	73610.0	3435472.0
487.trim	40423.0	42492.0	46241.0	52831.0	58509.0	66851.0	75078.0	79686.0	87290.0	88561.0	91693.0	102465.0	116847.0	112866.0	114081.0	124894.0	133256.0	129656.0	120456.0	125698.0	128932.0	165426.0	125643.0	123685.0	134653.0	130253.0	115825.0	103851.0	103340.0	101014.0	95955.0	92182.0	92349.0	89433.0	84751.0	84575.0	86954.0	114059.0	369587.0	64235.0	2954650.0
488.trim	9998.0	11412.0	13997.0	17703.0	20247.0	24032.0	29911.0	34222.0	41100.0	45231.0	48683.0	63816.0	76263.0	75927.0	83340.0	110928.0	116972.0	107670.0	96342.0	103838.0	121493.0	168875.0	132367.0	136785.0	163820.0	164803.0	142034.0	131864.0	137424.0	136472.0	137704.0	130018.0	123903.0	119710.0	116336.0	121935.0	128333.0	165734.0	388197.0	57015.0	2809514.0
489.trim	17951.0	19171.0	21719.0	24801.0	30389.0	34702.0	38477.0	41976.0	49588.0	54600.0	61401.0	75422.0	81353.0	81730.0	85763.0	103476.0	110758.0	111558.0	112936.0	128689.0	125666.0	173804.0	132119.0	131727.0	145702.0	145658.0	131196.0	120413.0	121593.0	122951.0	115831.0	115679.0	116854.0	130880.0	108846.0	106138.0	108710.0	136625.0	402127.0	72161.0	3208815.0
490.trim	20737.0	21376.0	24831.0	28954.0	32385.0	37087.0	42469.0	46777.0	53460.0	55804.0	60966.0	76257.0	86827.0	81794.0	86732.0	103475.0	112443.0	101939.0	93759.0	100381.0	105588.0	151417.0	111052.0	108631.0	125298.0	118771.0	101759.0	91397.0	91289.0	89989.0	82811.0	79326.0	77184.0	76085.0	72316.0	72388.0	75544.0	102233.0	303943.0	53080.0	2431975.0
491.trim	12464.0	13314.0	15776.0	19505.0	21217.0	24450.0	30200.0	34930.0	42892.0	43606.0	48412.0	70938.0	83446.0	76867.0	80973.0	108378.0	114168.0	105155.0	92355.0	100138.0	119474.0	194393.0	131889.0	129521.0	160280.0	160319.0	140865.0	121775.0	122863.0	118316.0	110042.0	104656.0	100507.0	97457.0	93386.0	98375.0	106061.0	147507.0	350249.0	56781.0	2614093.0
492.trim	29624.0	32014.0	37414.0	45542.0	50782.0	60323.0	71834.0	80452.0	92962.0	93880.0	100305.0	127772.0	149082.0	138391.0	144349.0	168399.0	184508.0	173604.0	150198.0	158888.0	179363.0	261471.0	184482.0	177985.0	205350.0	200701.0	167692.0	148631.0	149201.0	142719.0	137114.0	132110.0	125156.0	121236.0	114413.0	116048.0	121296.0	151864.0	364439.0	58732.0	2446972.0
506.trim	22926.0	23889.0	29088.0	36860.0	37925.0	42621.0	50993.0	59865.0	70123.0	68321.0	73776.0	102557.0	121886.0	110906.0	117554.0	165319.0	161260.0	133500.0	105317.0	114140.0	138221.0	205202.0	139185.0	139664.0	171438.0	173326.0	133546.0	111940.0	112924.0	111736.0	108141.0	92537.0	83163.0	77673.0	76332.0	84033.0	87906.0	112313.0	240744.0	38115.0	1655590.0
513.trim	22674.0	24898.0	29371.0	34979.0	40733.0	47854.0	57349.0	66593.0	77535.0	81917.0	90663.0	120631.0	137201.0	129780.0	133119.0	155816.0	161198.0	155377.0	140806.0	149800.0	162823.0	241345.0	167263.0	159017.0	183412.0	178680.0	153417.0	136089.0	134474.0	129132.0	115397.0	109419.0	106940.0	106115.0	94575.0	93710.0	96609.0	112906.0	256247.0	36798.0	1626153.0
521.trim	43764.0	43189.0	51750.0	63542.0	74671.0	76402.0	95990.0	100923.0	116618.0	120388.0	142358.0	214141.0	213458.0	181759.0	188521.0	262960.0	282061.0	234609.0	187338.0	210796.0	285555.0	421428.0	273161.0	268621.0	395847.0	422748.0	233254.0	176114.0	171194.0	166985.0	168443.0	198569.0	204347.0	300989.0	157942.0	131634.0	131241.0	167880.0	485003.0	81817.0	3710522.0
522.trim	19265.0	20012.0	23693.0	28179.0	31620.0	36182.0	42344.0	48843.0	56232.0	56086.0	60156.0	79369.0	94526.0	85843.0	87417.0	105511.0	113611.0	108501.0	91575.0	99661.0	115876.0	188609.0	118456.0	114905.0	142999.0	138549.0	113421.0	95594.0	95345.0	87630.0	78829.0	76714.0	76427.0	73813.0	67378.0	68502.0	71852.0	99586.0	294524.0	48900.0	2303999.0
523.trim	24565.0	25655.0	28231.0	32940.0	37139.0	42268.0	46981.0	50927.0	58809.0	63733.0	71569.0	87654.0	95343.0	93005.0	93132.0	106864.0	110901.0	109842.0	109676.0	127858.0	133265.0	215880.0	146745.0	142340.0	155952.0	153014.0	139112.0	120223.0	115416.0	112663.0	102035.0	100503.0	98417.0	93690.0	85911.0	85618.0	92777.0	131164.0	339632.0	67189.0	2867167.0
524.trim	10757.0	11656.0	14207.0	17551.0	19595.0	23114.0	27685.0	32468.0	38639.0	39875.0	44528.0	61548.0	70430.0	67324.0	71152.0	88493.0	93944.0	89671.0	80075.0	85961.0	99296.0	148129.0	108619.0	108258.0	131800.0	131668.0	115087.0	104982.0	107805.0	103139.0	98041.0	95359.0	92030.0	91620.0	89904.0	91340.0	98570.0	136739.0	352532.0	55012.0	2746962.0
525.trim	15295.0	15861.0	17717.0	20820.0	24749.0	29101.0	33319.0	37187.0	42420.0	46469.0	51518.0	63885.0	71111.0	70432.0	75086.0	89702.0	97365.0	94028.0	92192.0	101405.0	101161.0	133466.0	102459.0	102166.0	114716.0	111980.0	100139.0	92322.0	92368.0	93679.0	86970.0	83942.0	83130.0	87085.0	77070.0	76869.0	79083.0	99130.0	280676.0	48745.0	2199517.0
526.trim	13550.0	14263.0	15862.0	18204.0	20659.0	24095.0	27037.0	29330.0	33215.0	34830.0	38036.0	47530.0	53429.0	51979.0	55685.0	66519.0	71039.0	68053.0	63416.0	68738.0	74603.0	107485.0	78168.0	78311.0	88755.0	85877.0	74667.0	68775.0	69738.0	68717.0	65435.0	64047.0	63375.0	63148.0	59955.0	60845.0	64190.0	90170.0	307132.0	58267.0	2723665.0
527.trim	26420.0	26940.0	31509.0	37214.0	41124.0	47390.0	57014.0	65743.0	78045.0	80129.0	89746.0	126908.0	142864.0	135042.0	141885.0	173023.0	182188.0	173176.0	159428.0	172624.0	195472.0	306212.0	215481.0	208732.0	243804.0	240618.0	209072.0	186405.0	185103.0	182830.0	168161.0	159103.0	151061.0	147178.0	139928.0	140153.0	143208.0	170095.0	337310.0	46800.0	2061751.0
528.trim	22128.0	24535.0	29816.0	36731.0	42598.0	50686.0	60717.0	70468.0	82479.0	87869.0	99768.0	132046.0	146807.0	142746.0	154821.0	188734.0	198188.0	179821.0	163465.0	175023.0	189895.0	267042.0	199326.0	196055.0	231862.0	224388.0	190963.0	174752.0	172388.0	166534.0	154672.0	146340.0	139205.0	135975.0	130555.0	132757.0	137617.0	179179.0	409544.0	60841.0	2894092.0
529.trim	12796.0	13350.0	16233.0	20438.0	21840.0	24855.0	31643.0	36648.0	45322.0	44038.0	47850.0	72747.0	86493.0	77982.0	80873.0	115803.0	118216.0	102713.0	87469.0	94300.0	113005.0	181453.0	127482.0	124174.0	158573.0	161928.0	141601.0	125406.0	128562.0	124594.0	119724.0	112515.0	107500.0	105064.0	102928.0	105548.0	114253.0	160577.0	388826.0	59248.0	2949087.0
531.trim	19623.0	20532.0	23207.0	26040.0	30352.0	33813.0	38530.0	41600.0	47632.0	50521.0	55396.0	67262.0	73558.0	70579.0	73149.0	87218.0	92661.0	87943.0	84062.0	92496.0	94401.0	133071.0	96762.0	96076.0	106902.0	102365.0	91103.0	83147.0	81560.0	80974.0	73955.0	72715.0	71198.0	73819.0	67204.0	66809.0	69055.0	88109.0	253801.0	46300.0	1980403.0
532.trim	7045.0	7294.0	8719.0	10203.0	11597.0	13295.0	16045.0	19167.0	23081.0	24301.0	27916.0	41736.0	47176.0	44383.0	47987.0	61187.0	66121.0	62110.0	57644.0	64567.0	76073.0	126305.0	87294.0	86612.0	110707.0	110877.0	97930.0	88282.0	90307.0	89130.0	82803.0	81471.0	78500.0	79578.0	75685.0	78462.0	86046.0	124016.0	310688.0	49032.0	2393890.0
533.trim	14478.0	14554.0	15800.0	18479.0	27801.0	26318.0	25649.0	24392.0	26861.0	27932.0	29015.0	35072.0	37473.0	35615.0	37140.0	42731.0	44275.0	44563.0	44389.0	48413.0	55048.0	96142.0	65525.0	64433.0	67268.0	65206.0	61651.0	54783.0	56479.0	53865.0	55741.0	62296.0	63779.0	73045.0	57152.0	54874.0	56383.0	88500.0	327641.0	68967.0	3034343.0
541.trim	26400.0	27671.0	31978.0	38088.0	41723.0	47460.0	54781.0	61362.0	68868.0	69570.0	73508.0	95168.0	113164.0	101467.0	104045.0	121438.0	133233.0	124690.0	108220.0	116355.0	135872.0	219498.0	141332.0	133592.0	157225.0	151959.0	126219.0	110728.0	112882.0	104605.0	97772.0	95876.0	94674.0	95963.0	85697.0	86567.0	91652.0	123662.0	370556.0	61569.0	2861772.0
542.trim	17104.0	18927.0	22211.0	27448.0	28231.0	31493.0	38001.0	44682.0	53460.0	52422.0	53903.0	79723.0	95953.0	83556.0	86356.0	107514.0	120117.0	108576.0	87705.0	95571.0	117824.0	223865.0	127677.0	116844.0	146572.0	144292.0	119066.0	95521.0	97370.0	88066.0	79456.0	73799.0	70725.0	67365.0	63114.0	68412.0	74181.0	110106.0	331133.0	53493.0	2659858.0
543.trim	14687.0	15243.0	18426.0	21659.0	24380.0	28350.0	32962.0	37552.0	42803.0	44591.0	47773.0	61097.0	68446.0	64227.0	68124.0	80105.0	88352.0	78699.0	69521.0	73445.0	80286.0	111182.0	82882.0	82584.0	97224.0	93216.0	78185.0	70622.0	71139.0	67997.0	62968.0	59398.0	56406.0	54451.0	52901.0	52971.0	55585.0	73327.0	185679.0	30411.0	1423992.0
551.trim	19081.0	19404.0	21936.0	26438.0	28877.0	33332.0	38907.0	43487.0	51206.0	52218.0	57136.0	77570.0	87234.0	83372.0	88792.0	107726.0	114291.0	106513.0	99612.0	109373.0	125638.0	189326.0	137590.0	136182.0	167387.0	165851.0	144824.0	131590.0	130385.0	125833.0	119672.0	117497.0	112254.0	113241.0	107911.0	110107.0	119142.0	168034.0	429594.0	68088.0	3275809.0
552b.trim	12455.0	12452.0	13964.0	16247.0	19825.0	21230.0	24107.0	26004.0	30085.0	30944.0	34044.0	47437.0	53138.0	49062.0	50608.0	61532.0	64818.0	58931.0	55785.0	61907.0	70057.0	123829.0	78020.0	74592.0	87403.0	86910.0	78050.0	68641.0	66367.0	62484.0	59231.0	59233.0	57433.0	63368.0	51875.0	51492.0	55965.0	82897.0	235388.0	45714.0	1936305.0
553.trim	13031.0	13332.0	14665.0	16726.0	19805.0	21866.0	24413.0	26569.0	29549.0	31217.0	34389.0	42079.0	47397.0	45909.0	48317.0	57520.0	62310.0	60613.0	58432.0	64591.0	67674.0	93613.0	69434.0	70284.0	78982.0	76428.0	67588.0	62815.0	64155.0	62841.0	60434.0	60097.0	60575.0	62582.0	56852.0	55827.0	59333.0	83774.0	294709.0	52535.0	2534393.0
554.trim	21757.0	22843.0	25957.0	30589.0	36300.0	42322.0	47485.0	51862.0	59154.0	65644.0	72099.0	87825.0	96782.0	96418.0	100823.0	119928.0	126947.0	127007.0	124237.0	137033.0	137345.0	185870.0	142136.0	143331.0	160596.0	157587.0	139746.0	129461.0	131662.0	132239.0	122275.0	119529.0	121449.0	126939.0	113374.0	112498.0	116179.0	151686.0	447552.0	77011.0	3532075.0
561.trim	6487.0	6878.0	8939.0	10151.0	10720.0	12116.0	15667.0	18333.0	23472.0	22260.0	24764.0	34231.0	41512.0	38169.0	41648.0	55678.0	60175.0	52286.0	48774.0	54047.0	67001.0	121163.0	106987.0	98294.0	109764.0	105659.0	89804.0	84533.0	86704.0	86107.0	93611.0	82976.0	78659.0	78040.0	78721.0	83860.0	97771.0	134576.0	400673.0	69923.0	3602164.0
562.trim	88483.0	87953.0	102717.0	118909.0	167346.0	140774.0	130225.0	119872.0	131129.0	123870.0	133508.0	215291.0	227748.0	178745.0	170959.0	234460.0	238844.0	205000.0	187677.0	208838.0	274032.0	597135.0	734135.0	576958.0	570135.0	460119.0	302567.0	237070.0	216503.0	211454.0	220748.0	255931.0	251660.0	353000.0	207199.0	188927.0	184086.0	245729.0	583156.0	114675.0	4986980.0
563.trim	14988.0	15996.0	18842.0	23935.0	24718.0	27871.0	34730.0	40957.0	50301.0	48786.0	51375.0	66328.0	83837.0	77791.0	82252.0	102549.0	119352.0	106914.0	94221.0	103145.0	126862.0	213141.0	139276.0	132537.0	157028.0	160153.0	145156.0	119515.0	124585.0	112662.0	106975.0	102174.0	100543.0	91210.0	91887.0	95209.0	103366.0	146418.0	530012.0	84315.0	4178196.0
564.trim	9393.0	9518.0	10827.0	12392.0	14730.0	16996.0	18842.0	20881.0	24302.0	25856.0	28934.0	37571.0	42038.0	40648.0	43088.0	53698.0	57326.0	55166.0	53876.0	59894.0	63292.0	96113.0	69491.0	69265.0	80647.0	79315.0	70246.0	65195.0	66264.0	66058.0	62358.0	61814.0	61794.0	68820.0	59889.0	58770.0	61714.0	84907.0	268587.0	47178.0	2280513.0
565.trim	23784.0	24197.0	27557.0	31121.0	60248.0	48294.0	40007.0	32066.0	35042.0	41144.0	38331.0	45365.0	48996.0	46806.0	44754.0	48466.0	45934.0	53360.0	53632.0	60265.0	67581.0	107970.0	78999.0	80636.0	80044.0	76339.0	66512.0	57394.0	60625.0	64327.0	60448.0	66870.0	66996.0	81588.0	60014.0	64729.0	62395.0	84928.0	303817.0	66116.0	2951510.0
571.trim	18909.0	31820.0	28684.0	9488.0	17515.0	44175.0	21625.0	11170.0	11872.0	13321.0	11490.0	10429.0	4429.0	4925.0	5235.0	6494.0	5579.0	5887.0	6775.0	6183.0	8604.0	14830.0	28918.0	22508.0	18708.0	12618.0	9580.0	8227.0	10328.0	19127.0	24662.0	8093.0	6202.0	6696.0	6268.0	5662.0	6813.0	7742.0	25981.0	13861.0	188924.0
Undetermined.trim	34508.0	34794.0	36879.0	39545.0	44093.0	47286.0	50196.0	52654.0	56974.0	58961.0	63675.0	77162.0	82057.0	75463.0	77748.0	91385.0	95415.0	88217.0	81209.0	86156.0	96319.0	146989.0	115374.0	108906.0	117065.0	112074.0	96373.0	83314.0	80158.0	78724.0	74183.0	73220.0	72692.0	73949.0	65087.0	67185.0	74999.0	133841.0	701108.0	293481.0	9349724.0
