	16.0	17.0	18.0	19.0	20.0	21.0	22.0	23.0	24.0	25.0	26.0	27.0	28.0	29.0	30.0	31.0	32.0	33.0	34.0	35.0	36.0	37.0
137.trim	1.0	2.0	6.0	24.0	56.0	188.0	549.0	1364.0	2970.0	5312.0	8949.0	15647.0	25333.0	40017.0	59051.0	82868.0	109148.0	146756.0	214247.0	534132.0	3908206.0	1094007.0
	17.0	18.0	19.0	20.0	21.0	22.0	23.0	24.0	25.0	26.0	27.0	28.0	29.0	30.0	31.0	32.0	33.0	34.0	35.0	36.0	37.0
139.trim	1.0	5.0	8.0	27.0	75.0	222.0	641.0	1252.0	2250.0	3766.0	6203.0	9611.0	14910.0	21655.0	29980.0	39795.0	53390.0	78818.0	198085.0	1369912.0	406549.0
	17.0	18.0	19.0	20.0	21.0	22.0	23.0	24.0	25.0	26.0	27.0	28.0	29.0	30.0	31.0	32.0	33.0	34.0	35.0	36.0	37.0
140.trim	3.0	5.0	22.0	58.0	141.0	367.0	1062.0	2361.0	4536.0	8111.0	14147.0	23382.0	37151.0	54508.0	76183.0	100240.0	135160.0	195939.0	483689.0	3523377.0	1037551.0
	16.0	17.0	18.0	19.0	20.0	21.0	22.0	23.0	24.0	25.0	26.0	27.0	28.0	29.0	30.0	31.0	32.0	33.0	34.0	35.0	36.0	37.0
141.trim	1.0	1.0	0.0	18.0	54.0	203.0	718.0	1910.0	3485.0	5426.0	6762.0	8212.0	10697.0	15442.0	20336.0	26760.0	34557.0	47115.0	68449.0	171850.0	1214092.0	338499.0
	17.0	18.0	19.0	20.0	21.0	22.0	23.0	24.0	25.0	26.0	27.0	28.0	29.0	30.0	31.0	32.0	33.0	34.0	35.0	36.0	37.0
156.trim	1.0	5.0	3.0	31.0	121.0	383.0	1051.0	2304.0	4158.0	6911.0	12017.0	19704.0	31443.0	47024.0	66565.0	88900.0	119452.0	175028.0	433782.0	3220892.0	891193.0
	17.0	18.0	19.0	20.0	21.0	22.0	23.0	24.0	25.0	26.0	27.0	28.0	29.0	30.0	31.0	32.0	33.0	34.0	35.0	36.0	37.0
159.trim	1.0	2.0	22.0	70.0	296.0	998.0	2600.0	5321.0	9693.0	15265.0	24797.0	38377.0	60478.0	88116.0	123418.0	162675.0	217886.0	318153.0	762059.0	5343461.0	1851587.0
	17.0	18.0	19.0	20.0	21.0	22.0	23.0	24.0	25.0	26.0	27.0	28.0	29.0	30.0	31.0	32.0	33.0	34.0	35.0	36.0	37.0
161.trim	4.0	12.0	25.0	68.0	230.0	636.0	1471.0	3163.0	5677.0	9629.0	16728.0	26883.0	43278.0	63238.0	89925.0	117927.0	159765.0	231941.0	574131.0	4206598.0	1212238.0
	17.0	18.0	19.0	20.0	21.0	22.0	23.0	24.0	25.0	26.0	27.0	28.0	29.0	30.0	31.0	32.0	33.0	34.0	35.0	36.0	37.0
162.trim	2.0	17.0	58.0	277.0	1108.0	3584.0	10253.0	18865.0	27328.0	31638.0	33703.0	37354.0	47162.0	61683.0	83118.0	107925.0	144546.0	207685.0	498475.0	3581085.0	1153299.0
	17.0	18.0	19.0	20.0	21.0	22.0	23.0	24.0	25.0	26.0	27.0	28.0	29.0	30.0	31.0	32.0	33.0	34.0	35.0	36.0	37.0
168.trim	2.0	2.0	10.0	80.0	269.0	856.0	2351.0	4443.0	6860.0	8635.0	11085.0	14213.0	20634.0	29061.0	39373.0	52012.0	69802.0	103513.0	264129.0	1855695.0	502988.0
	15.0	16.0	17.0	18.0	19.0	20.0	21.0	22.0	23.0	24.0	25.0	26.0	27.0	28.0	29.0	30.0	31.0	32.0	33.0	34.0	35.0	36.0	37.0
169.trim	2.0	0.0	0.0	11.0	49.0	129.0	489.0	1666.0	4240.0	8438.0	14244.0	20635.0	31047.0	46273.0	70576.0	101409.0	142252.0	185642.0	250224.0	368340.0	917643.0	6494289.0	1915515.0
	17.0	18.0	19.0	20.0	21.0	22.0	23.0	24.0	25.0	26.0	27.0	28.0	29.0	30.0	31.0	32.0	33.0	34.0	35.0	36.0	37.0
171.trim	4.0	8.0	34.0	115.0	527.0	1678.0	4639.0	8719.0	14117.0	18920.0	26302.0	36623.0	54317.0	77483.0	108880.0	142071.0	190430.0	272776.0	672117.0	4876601.0	1502077.0
	18.0	19.0	20.0	21.0	22.0	23.0	24.0	25.0	26.0	27.0	28.0	29.0	30.0	31.0	32.0	33.0	34.0	35.0	36.0	37.0
172.trim	8.0	23.0	61.0	210.0	711.0	1807.0	3549.0	5976.0	9180.0	13879.0	21126.0	32386.0	46932.0	64683.0	85234.0	115415.0	169407.0	414526.0	2951489.0	872802.0
	18.0	19.0	20.0	21.0	22.0	23.0	24.0	25.0	26.0	27.0	28.0	29.0	30.0	31.0	32.0	33.0	34.0	35.0	36.0	37.0
181.trim	1.0	7.0	29.0	130.0	444.0	1298.0	2510.0	4191.0	5963.0	8451.0	12275.0	18653.0	26652.0	37563.0	49191.0	66154.0	96471.0	236218.0	1611421.0	510427.0
	17.0	18.0	19.0	20.0	21.0	22.0	23.0	24.0	25.0	26.0	27.0	28.0	29.0	30.0	31.0	32.0	33.0	34.0	35.0	36.0	37.0
183.trim	4.0	20.0	39.0	109.0	339.0	1090.0	2940.0	5889.0	10284.0	15578.0	25019.0	38348.0	59613.0	86892.0	121397.0	159458.0	214483.0	314396.0	785692.0	5812805.0	1646428.0
	18.0	19.0	20.0	21.0	22.0	23.0	24.0	25.0	26.0	27.0	28.0	29.0	30.0	31.0	32.0	33.0	34.0	35.0	36.0	37.0
184.trim	4.0	10.0	39.0	140.0	473.0	1246.0	2544.0	4090.0	5968.0	8919.0	13468.0	20996.0	30328.0	43106.0	56894.0	77580.0	116503.0	278415.0	2010254.0	589979.0
	17.0	18.0	19.0	20.0	21.0	22.0	23.0	24.0	25.0	26.0	27.0	28.0	29.0	30.0	31.0	32.0	33.0	34.0	35.0	36.0	37.0
185.trim	2.0	2.0	7.0	24.0	95.0	309.0	829.0	1642.0	2745.0	4112.0	6241.0	9548.0	14634.0	21501.0	29821.0	37223.0	48948.0	70267.0	174124.0	1300879.0	374696.0
	16.0	17.0	18.0	19.0	20.0	21.0	22.0	23.0	24.0	25.0	26.0	27.0	28.0	29.0	30.0	31.0	32.0	33.0	34.0	35.0	36.0	37.0
291.trim	1.0	3.0	13.0	30.0	90.0	353.0	922.0	2334.0	4660.0	8028.0	12564.0	19791.0	30654.0	47186.0	67270.0	94873.0	125014.0	166943.0	243574.0	626741.0	4246703.0	1252356.0
	16.0	17.0	18.0	19.0	20.0	21.0	22.0	23.0	24.0	25.0	26.0	27.0	28.0	29.0	30.0	31.0	32.0	33.0	34.0	35.0	36.0	37.0
292.trim	1.0	2.0	8.0	20.0	70.0	194.0	645.0	1569.0	3103.0	5760.0	9644.0	16184.0	26355.0	47078.0	71436.0	83774.0	97058.0	126484.0	176793.0	420287.0	2570069.0	1088800.0
	15.0	16.0	17.0	18.0	19.0	20.0	21.0	22.0	23.0	24.0	25.0	26.0	27.0	28.0	29.0	30.0	31.0	32.0	33.0	34.0	35.0	36.0	37.0
293.trim	1.0	0.0	4.0	10.0	27.0	84.0	277.0	846.0	2173.0	4131.0	6986.0	10537.0	16469.0	24525.0	36529.0	53508.0	74405.0	93871.0	121460.0	169701.0	398175.0	2750021.0	1157344.0
	17.0	18.0	19.0	20.0	21.0	22.0	23.0	24.0	25.0	26.0	27.0	28.0	29.0	30.0	31.0	32.0	33.0	34.0	35.0	36.0	37.0
294.trim	2.0	7.0	27.0	71.0	261.0	747.0	1991.0	3961.0	7381.0	12567.0	21337.0	34180.0	55389.0	78288.0	104515.0	132211.0	175637.0	251662.0	614232.0	4065039.0	1576469.0
	16.0	17.0	18.0	19.0	20.0	21.0	22.0	23.0	24.0	25.0	26.0	27.0	28.0	29.0	30.0	31.0	32.0	33.0	34.0	35.0	36.0	37.0
295.trim	1.0	6.0	27.0	63.0	122.0	348.0	945.0	2437.0	4847.0	8930.0	14742.0	24934.0	39612.0	62525.0	89563.0	126534.0	164738.0	222743.0	330398.0	837508.0	5643934.0	1749876.0
	16.0	17.0	18.0	19.0	20.0	21.0	22.0	23.0	24.0	25.0	26.0	27.0	28.0	29.0	30.0	31.0	32.0	33.0	34.0	35.0	36.0	37.0
296.trim	2.0	12.0	19.0	63.0	166.0	565.0	1733.0	4549.0	9338.0	15786.0	23742.0	36899.0	55342.0	83986.0	118801.0	163100.0	208898.0	280162.0	400196.0	970156.0	6348179.0	2838912.0
	16.0	17.0	18.0	19.0	20.0	21.0	22.0	23.0	24.0	25.0	26.0	27.0	28.0	29.0	30.0	31.0	32.0	33.0	34.0	35.0	36.0	37.0
298.trim	1.0	0.0	12.0	32.0	68.0	234.0	674.0	1744.0	3702.0	6924.0	11611.0	19299.0	31870.0	51266.0	68417.0	91970.0	118774.0	157932.0	222306.0	541605.0	3573718.0	1421845.0
	14.0	15.0	16.0	17.0	18.0	19.0	20.0	21.0	22.0	23.0	24.0	25.0	26.0	27.0	28.0	29.0	30.0	31.0	32.0	33.0	34.0	35.0	36.0	37.0
299.trim	1.0	1.0	0.0	3.0	20.0	48.0	162.0	503.0	1653.0	4353.0	8781.0	14833.0	22323.0	33620.0	49690.0	73844.0	102667.0	142352.0	187655.0	248241.0	337959.0	798201.0	4737950.0	2348604.0
	16.0	17.0	18.0	19.0	20.0	21.0	22.0	23.0	24.0	25.0	26.0	27.0	28.0	29.0	30.0	31.0	32.0	33.0	34.0	35.0	36.0	37.0
301.trim	1.0	3.0	7.0	33.0	72.0	245.0	739.0	1952.0	4136.0	7358.0	12294.0	20167.0	32213.0	50055.0	71494.0	99109.0	128766.0	171646.0	246171.0	596452.0	3911038.0	1727897.0
	15.0	16.0	17.0	18.0	19.0	20.0	21.0	22.0	23.0	24.0	25.0	26.0	27.0	28.0	29.0	30.0	31.0	32.0	33.0	34.0	35.0	36.0	37.0
302.trim	1.0	0.0	1.0	10.0	42.0	122.0	335.0	900.0	2301.0	4958.0	9738.0	16550.0	28473.0	45488.0	70783.0	101067.0	140257.0	182913.0	243781.0	347804.0	853571.0	5492584.0	2293313.0
	16.0	17.0	18.0	19.0	20.0	21.0	22.0	23.0	24.0	25.0	26.0	27.0	28.0	29.0	30.0	31.0	32.0	33.0	34.0	35.0	36.0	37.0
303.trim	2.0	1.0	9.0	20.0	66.0	253.0	765.0	1971.0	4075.0	7653.0	12327.0	20934.0	33480.0	51935.0	75897.0	104431.0	136931.0	186999.0	271558.0	658397.0	4519317.0	1496840.0
	16.0	17.0	18.0	19.0	20.0	21.0	22.0	23.0	24.0	25.0	26.0	27.0	28.0	29.0	30.0	31.0	32.0	33.0	34.0	35.0	36.0	37.0
304.trim	2.0	3.0	6.0	47.0	152.0	688.0	2083.0	5543.0	10644.0	17193.0	23721.0	33083.0	46320.0	67103.0	92999.0	130705.0	165234.0	210300.0	290648.0	691324.0	4292057.0	2209969.0
	18.0	19.0	20.0	21.0	22.0	23.0	24.0	25.0	26.0	27.0	28.0	29.0	30.0	31.0	32.0	33.0	34.0	35.0	36.0	37.0
305.trim	12.0	24.0	73.0	287.0	878.0	2436.0	4783.0	8166.0	12330.0	18963.0	28263.0	43254.0	61613.0	83879.0	109276.0	147912.0	219402.0	518581.0	3482759.0	1213377.0
	17.0	18.0	19.0	20.0	21.0	22.0	23.0	24.0	25.0	26.0	27.0	28.0	29.0	30.0	31.0	32.0	33.0	34.0	35.0	36.0	37.0
306.trim	7.0	22.0	64.0	200.0	771.0	2537.0	6997.0	13053.0	19632.0	24247.0	29879.0	37840.0	54186.0	75579.0	102235.0	130509.0	175399.0	256648.0	657968.0	4700328.0	1342082.0
	16.0	17.0	18.0	19.0	20.0	21.0	22.0	23.0	24.0	25.0	26.0	27.0	28.0	29.0	30.0	31.0	32.0	33.0	34.0	35.0	36.0	37.0
307.trim	1.0	7.0	15.0	38.0	82.0	254.0	679.0	1788.0	3672.0	6551.0	10762.0	18054.0	29259.0	46025.0	67338.0	94862.0	125164.0	168768.0	249133.0	643209.0	4665424.0	1165137.0
	16.0	17.0	18.0	19.0	20.0	21.0	22.0	23.0	24.0	25.0	26.0	27.0	28.0	29.0	30.0	31.0	32.0	33.0	34.0	35.0	36.0	37.0
308.trim	3.0	4.0	12.0	30.0	71.0	187.0	565.0	1484.0	3138.0	6256.0	11399.0	20466.0	33715.0	53542.0	78018.0	108739.0	143139.0	192377.0	282055.0	722209.0	4906271.0	1450851.0
	17.0	18.0	19.0	20.0	21.0	22.0	23.0	24.0	25.0	26.0	27.0	28.0	29.0	30.0	31.0	32.0	33.0	34.0	35.0	36.0	37.0
309.trim	12.0	20.0	67.0	195.0	720.0	2467.0	6526.0	12267.0	18999.0	24208.0	32112.0	42846.0	61174.0	85032.0	116658.0	149470.0	200061.0	284838.0	686177.0	4937241.0	1715189.0
	16.0	17.0	18.0	19.0	20.0	21.0	22.0	23.0	24.0	25.0	26.0	27.0	28.0	29.0	30.0	31.0	32.0	33.0	34.0	35.0	36.0	37.0
311.trim	1.0	4.0	12.0	28.0	92.0	397.0	1276.0	3330.0	6439.0	10504.0	15080.0	22010.0	32017.0	48342.0	67865.0	94354.0	123959.0	168173.0	239998.0	576791.0	4096240.0	1363168.0
	14.0	15.0	16.0	17.0	18.0	19.0	20.0	21.0	22.0	23.0	24.0	25.0	26.0	27.0	28.0	29.0	30.0	31.0	32.0	33.0	34.0	35.0	36.0	37.0
312.trim	1.0	0.0	1.0	3.0	10.0	35.0	88.0	278.0	763.0	2030.0	4117.0	7440.0	12112.0	19717.0	30622.0	48271.0	68233.0	95318.0	124178.0	168082.0	244709.0	595506.0	4153195.0	1324295.0
	17.0	18.0	19.0	20.0	21.0	22.0	23.0	24.0	25.0	26.0	27.0	28.0	29.0	30.0	31.0	32.0	33.0	34.0	35.0	36.0	37.0
313.trim	4.0	10.0	14.0	69.0	207.0	674.0	1658.0	3585.0	6459.0	10637.0	18213.0	29097.0	45375.0	66200.0	92525.0	121290.0	162471.0	231736.0	564441.0	4096467.0	1360752.0
	18.0	19.0	20.0	21.0	22.0	23.0	24.0	25.0	26.0	27.0	28.0	29.0	30.0	31.0	32.0	33.0	34.0	35.0	36.0	37.0
314.trim	3.0	14.0	35.0	184.0	572.0	1562.0	3084.0	5318.0	8454.0	13969.0	21991.0	33919.0	49215.0	69201.0	92030.0	123808.0	179923.0	446658.0	3404026.0	823839.0
	16.0	17.0	18.0	19.0	20.0	21.0	22.0	23.0	24.0	25.0	26.0	27.0	28.0	29.0	30.0	31.0	32.0	33.0	34.0	35.0	36.0	37.0
315.trim	1.0	4.0	16.0	35.0	117.0	433.0	1181.0	3117.0	6342.0	11261.0	17923.0	28276.0	43046.0	64485.0	90721.0	124239.0	157987.0	210691.0	301998.0	728891.0	4567565.0	2154351.0
	17.0	18.0	19.0	20.0	21.0	22.0	23.0	24.0	25.0	26.0	27.0	28.0	29.0	30.0	31.0	32.0	33.0	34.0	35.0	36.0	37.0
316.trim	4.0	15.0	48.0	194.0	631.0	2052.0	5439.0	10474.0	16941.0	23536.0	32948.0	47160.0	69374.0	96627.0	133390.0	171031.0	228643.0	330140.0	810203.0	5551002.0	1968694.0
	16.0	17.0	18.0	19.0	20.0	21.0	22.0	23.0	24.0	25.0	26.0	27.0	28.0	29.0	30.0	31.0	32.0	33.0	34.0	35.0	36.0	37.0
317.trim	1.0	5.0	8.0	27.0	66.0	200.0	622.0	1551.0	3377.0	5910.0	9609.0	15835.0	24950.0	38817.0	56624.0	78393.0	102577.0	138820.0	201078.0	492094.0	3388377.0	1073478.0
	16.0	17.0	18.0	19.0	20.0	21.0	22.0	23.0	24.0	25.0	26.0	27.0	28.0	29.0	30.0	31.0	32.0	33.0	34.0	35.0	36.0	37.0
318.trim	2.0	2.0	9.0	36.0	73.0	221.0	723.0	1716.0	3609.0	6375.0	10442.0	17452.0	27519.0	42686.0	61440.0	84694.0	109954.0	148134.0	214794.0	539912.0	3687110.0	1217982.0
	15.0	16.0	17.0	18.0	19.0	20.0	21.0	22.0	23.0	24.0	25.0	26.0	27.0	28.0	29.0	30.0	31.0	32.0	33.0	34.0	35.0	36.0	37.0
319.trim	1.0	4.0	0.0	7.0	34.0	117.0	539.0	1774.0	4596.0	8895.0	13952.0	19015.0	25256.0	35673.0	52068.0	74501.0	102726.0	134159.0	180059.0	261959.0	651979.0	4866175.0	1346864.0
	17.0	18.0	19.0	20.0	21.0	22.0	23.0	24.0	25.0	26.0	27.0	28.0	29.0	30.0	31.0	32.0	33.0	34.0	35.0	36.0	37.0
321.trim	4.0	9.0	31.0	85.0	254.0	694.0	1908.0	3933.0	6862.0	10739.0	16964.0	26577.0	40746.0	58947.0	81907.0	106902.0	143750.0	208864.0	517503.0	3615120.0	1185518.0
	16.0	17.0	18.0	19.0	20.0	21.0	22.0	23.0	24.0	25.0	26.0	27.0	28.0	29.0	30.0	31.0	32.0	33.0	34.0	35.0	36.0	37.0
322.trim	2.0	2.0	5.0	23.0	61.0	208.0	641.0	1675.0	3332.0	6436.0	11263.0	19458.0	31066.0	49198.0	71177.0	99076.0	130543.0	174914.0	256240.0	630935.0	4351750.0	1463689.0
	16.0	17.0	18.0	19.0	20.0	21.0	22.0	23.0	24.0	25.0	26.0	27.0	28.0	29.0	30.0	31.0	32.0	33.0	34.0	35.0	36.0	37.0
323.trim	1.0	5.0	18.0	43.0	164.0	548.0	1844.0	4643.0	9145.0	15265.0	22262.0	33139.0	47721.0	70890.0	99102.0	137288.0	176209.0	242149.0	374090.0	852296.0	5079800.0	2378658.0
	15.0	16.0	17.0	18.0	19.0	20.0	21.0	22.0	23.0	24.0	25.0	26.0	27.0	28.0	29.0	30.0	31.0	32.0	33.0	34.0	35.0	36.0	37.0
324.trim	1.0	0.0	4.0	10.0	30.0	100.0	308.0	990.0	2629.0	5554.0	9753.0	15376.0	24975.0	38598.0	60140.0	86187.0	119145.0	151707.0	200689.0	286001.0	702019.0	4742194.0	1875479.0
	17.0	18.0	19.0	20.0	21.0	22.0	23.0	24.0	25.0	26.0	27.0	28.0	29.0	30.0	31.0	32.0	33.0	34.0	35.0	36.0	37.0
325.trim	6.0	10.0	39.0	116.0	376.0	1021.0	2797.0	5572.0	9385.0	14361.0	22156.0	33694.0	51663.0	74397.0	104141.0	135781.0	183073.0	263587.0	636693.0	4519553.0	1531979.0
	16.0	17.0	18.0	19.0	20.0	21.0	22.0	23.0	24.0	25.0	26.0	27.0	28.0	29.0	30.0	31.0	32.0	33.0	34.0	35.0	36.0	37.0
326.trim	1.0	5.0	15.0	53.0	246.0	975.0	3372.0	9003.0	17008.0	25392.0	31471.0	38003.0	47457.0	65942.0	90909.0	125096.0	160702.0	213666.0	304960.0	746576.0	5326979.0	1703545.0
	16.0	17.0	18.0	19.0	20.0	21.0	22.0	23.0	24.0	25.0	26.0	27.0	28.0	29.0	30.0	31.0	32.0	33.0	34.0	35.0	36.0	37.0
327.trim	2.0	2.0	13.0	34.0	82.0	309.0	911.0	2494.0	4877.0	7926.0	11583.0	17816.0	26329.0	40304.0	57420.0	79572.0	103332.0	138643.0	200376.0	499235.0	3541094.0	1045056.0
	16.0	17.0	18.0	19.0	20.0	21.0	22.0	23.0	24.0	25.0	26.0	27.0	28.0	29.0	30.0	31.0	32.0	33.0	34.0	35.0	36.0	37.0
328.trim	1.0	6.0	24.0	57.0	116.0	342.0	1037.0	2587.0	5834.0	11564.0	21092.0	37138.0	59009.0	92330.0	129659.0	177617.0	227399.0	306394.0	450191.0	1062872.0	6233584.0	3173037.0
	16.0	17.0	18.0	19.0	20.0	21.0	22.0	23.0	24.0	25.0	26.0	27.0	28.0	29.0	30.0	31.0	32.0	33.0	34.0	35.0	36.0	37.0
329.trim	4.0	2.0	13.0	45.0	71.0	269.0	834.0	2261.0	4473.0	7863.0	12782.0	21210.0	33628.0	53144.0	77666.0	109742.0	143993.0	195014.0	287409.0	726752.0	5347746.0	1321943.0
	16.0	17.0	18.0	19.0	20.0	21.0	22.0	23.0	24.0	25.0	26.0	27.0	28.0	29.0	30.0	31.0	32.0	33.0	34.0	35.0	36.0	37.0
331.trim	1.0	4.0	8.0	19.0	91.0	279.0	840.0	2276.0	4381.0	7645.0	12320.0	20056.0	30924.0	47143.0	66006.0	91145.0	119779.0	162478.0	243512.0	585398.0	3812883.0	1284006.0
	17.0	18.0	19.0	20.0	21.0	22.0	23.0	24.0	25.0	26.0	27.0	28.0	29.0	30.0	31.0	32.0	33.0	34.0	35.0	36.0	37.0
332.trim	4.0	14.0	20.0	72.0	183.0	470.0	1308.0	2658.0	5182.0	8845.0	15118.0	24300.0	38063.0	54807.0	75665.0	98887.0	131805.0	189695.0	466274.0	3195466.0	1092620.0
	17.0	18.0	19.0	20.0	21.0	22.0	23.0	24.0	25.0	26.0	27.0	28.0	29.0	30.0	31.0	32.0	33.0	34.0	35.0	36.0	37.0
333.trim	3.0	11.0	17.0	46.0	140.0	442.0	1177.0	2451.0	4502.0	7667.0	13088.0	20765.0	33664.0	48840.0	69545.0	91442.0	124218.0	181746.0	451063.0	3188647.0	939324.0
	17.0	18.0	19.0	20.0	21.0	22.0	23.0	24.0	25.0	26.0	27.0	28.0	29.0	30.0	31.0	32.0	33.0	34.0	35.0	36.0	37.0
334.trim	2.0	11.0	42.0	101.0	416.0	1339.0	3836.0	7387.0	11475.0	15181.0	19923.0	27280.0	38629.0	54349.0	75285.0	99598.0	134357.0	195783.0	484413.0	3624876.0	909781.0
	17.0	18.0	19.0	20.0	21.0	22.0	23.0	24.0	25.0	26.0	27.0	28.0	29.0	30.0	31.0	32.0	33.0	34.0	35.0	36.0	37.0
335.trim	4.0	7.0	38.0	79.0	352.0	1031.0	2652.0	5230.0	8519.0	11803.0	16863.0	24474.0	36638.0	51349.0	70898.0	92185.0	123523.0	177986.0	445543.0	3040814.0	1007447.0
	16.0	17.0	18.0	19.0	20.0	21.0	22.0	23.0	24.0	25.0	26.0	27.0	28.0	29.0	30.0	31.0	32.0	33.0	34.0	35.0	36.0	37.0
336.trim	1.0	4.0	19.0	30.0	100.0	339.0	1027.0	2878.0	5549.0	9342.0	14280.0	22340.0	33684.0	51238.0	73963.0	105296.0	137677.0	180586.0	255952.0	631485.0	4724927.0	1364585.0
	15.0	16.0	17.0	18.0	19.0	20.0	21.0	22.0	23.0	24.0	25.0	26.0	27.0	28.0	29.0	30.0	31.0	32.0	33.0	34.0	35.0	36.0	37.0
337.trim	1.0	1.0	7.0	13.0	27.0	72.0	245.0	778.0	2154.0	4618.0	8830.0	15514.0	27457.0	44791.0	70984.0	103438.0	144752.0	188094.0	252686.0	365150.0	887533.0	6141816.0	2201966.0
	16.0	17.0	18.0	19.0	20.0	21.0	22.0	23.0	24.0	25.0	26.0	27.0	28.0	29.0	30.0	31.0	32.0	33.0	34.0	35.0	36.0	37.0
338.trim	2.0	4.0	10.0	33.0	109.0	530.0	1808.0	5018.0	9559.0	14617.0	18964.0	24460.0	32004.0	45936.0	63826.0	86790.0	113398.0	152131.0	220271.0	532958.0	3821635.0	1165438.0
	15.0	16.0	17.0	18.0	19.0	20.0	21.0	22.0	23.0	24.0	25.0	26.0	27.0	28.0	29.0	30.0	31.0	32.0	33.0	34.0	35.0	36.0	37.0
339.trim	1.0	0.0	3.0	16.0	38.0	115.0	378.0	1105.0	2934.0	5613.0	9789.0	14450.0	22416.0	33321.0	51017.0	71537.0	98876.0	129074.0	175947.0	254333.0	597197.0	4161474.0	1523333.0
	16.0	17.0	18.0	19.0	20.0	21.0	22.0	23.0	24.0	25.0	26.0	27.0	28.0	29.0	30.0	31.0	32.0	33.0	34.0	35.0	36.0	37.0
34.trim	1.0	5.0	18.0	54.0	143.0	526.0	1369.0	3348.0	6568.0	10947.0	15575.0	21362.0	29548.0	43123.0	60618.0	85115.0	116180.0	174492.0	257857.0	541859.0	3927793.0	1441371.0
	17.0	18.0	19.0	20.0	21.0	22.0	23.0	24.0	25.0	26.0	27.0	28.0	29.0	30.0	31.0	32.0	33.0	34.0	35.0	36.0	37.0
341.trim	1.0	12.0	19.0	68.0	176.0	485.0	1340.0	2588.0	5171.0	9015.0	15998.0	25714.0	39412.0	56046.0	78213.0	101655.0	144036.0	222822.0	499510.0	3095908.0	1152898.0
	16.0	17.0	18.0	19.0	20.0	21.0	22.0	23.0	24.0	25.0	26.0	27.0	28.0	29.0	30.0	31.0	32.0	33.0	34.0	35.0	36.0	37.0
342.trim	1.0	5.0	8.0	27.0	115.0	485.0	1445.0	3875.0	7612.0	13015.0	18905.0	28498.0	42046.0	62557.0	88785.0	123106.0	158789.0	212956.0	303960.0	726196.0	4924152.0	1779779.0
	15.0	16.0	17.0	18.0	19.0	20.0	21.0	22.0	23.0	24.0	25.0	26.0	27.0	28.0	29.0	30.0	31.0	32.0	33.0	34.0	35.0	36.0	37.0
343.trim	1.0	1.0	5.0	24.0	64.0	211.0	785.0	2470.0	5916.0	11307.0	18123.0	25541.0	36928.0	53431.0	96000.0	190726.0	254807.0	208465.0	189409.0	241338.0	569906.0	3674495.0	1820383.0
	16.0	17.0	18.0	19.0	20.0	21.0	22.0	23.0	24.0	25.0	26.0	27.0	28.0	29.0	30.0	31.0	32.0	33.0	34.0	35.0	36.0	37.0
344.trim	1.0	1.0	20.0	35.0	110.0	339.0	1073.0	2742.0	5738.0	10906.0	19099.0	31800.0	50347.0	77041.0	107672.0	146325.0	187390.0	251563.0	366389.0	915244.0	5098346.0	2757539.0
	17.0	18.0	19.0	20.0	21.0	22.0	23.0	24.0	25.0	26.0	27.0	28.0	29.0	30.0	31.0	32.0	33.0	34.0	35.0	36.0	37.0
345.trim	2.0	7.0	23.0	69.0	252.0	743.0	1946.0	3903.0	7031.0	11136.0	17516.0	26798.0	40401.0	56832.0	78450.0	101863.0	135595.0	192927.0	460993.0	2885077.0	1438809.0
	17.0	18.0	19.0	20.0	21.0	22.0	23.0	24.0	25.0	26.0	27.0	28.0	29.0	30.0	31.0	32.0	33.0	34.0	35.0	36.0	37.0
346.trim	1.0	6.0	24.0	77.0	222.0	702.0	1796.0	3565.0	6510.0	10821.0	17565.0	27008.0	42179.0	59691.0	82172.0	107222.0	151541.0	230930.0	522960.0	3256532.0	1154432.0
	17.0	18.0	19.0	20.0	21.0	22.0	23.0	24.0	25.0	26.0	27.0	28.0	29.0	30.0	31.0	32.0	33.0	34.0	35.0	36.0	37.0
347.trim	1.0	8.0	33.0	113.0	431.0	1490.0	4029.0	7595.0	11531.0	15245.0	20308.0	28126.0	41580.0	59217.0	82023.0	107879.0	146232.0	217064.0	567403.0	4253953.0	944445.0
	16.0	17.0	18.0	19.0	20.0	21.0	22.0	23.0	24.0	25.0	26.0	27.0	28.0	29.0	30.0	31.0	32.0	33.0	34.0	35.0	36.0	37.0
348.trim	1.0	4.0	12.0	32.0	97.0	275.0	879.0	2377.0	4955.0	8443.0	13052.0	21188.0	32492.0	49852.0	71284.0	99056.0	130254.0	174624.0	246859.0	600775.0	4277429.0	1369052.0
	17.0	18.0	19.0	20.0	21.0	22.0	23.0	24.0	25.0	26.0	27.0	28.0	29.0	30.0	31.0	32.0	33.0	34.0	35.0	36.0	37.0
349.trim	4.0	10.0	43.0	146.0	555.0	1811.0	4646.0	9074.0	14024.0	18767.0	24052.0	31711.0	44434.0	59836.0	80444.0	102494.0	136547.0	196382.0	468870.0	2928609.0	1396012.0
	16.0	17.0	18.0	19.0	20.0	21.0	22.0	23.0	24.0	25.0	26.0	27.0	28.0	29.0	30.0	31.0	32.0	33.0	34.0	35.0	36.0	37.0
35.trim	1.0	12.0	14.0	41.0	108.0	314.0	818.0	1691.0	3015.0	5073.0	7685.0	11416.0	15709.0	21505.0	27932.0	36683.0	49684.0	89871.0	211260.0	404395.0	856951.0	417944.0
	17.0	18.0	19.0	20.0	21.0	22.0	23.0	24.0	25.0	26.0	27.0	28.0	29.0	30.0	31.0	32.0	33.0	34.0	35.0	36.0	37.0
37.trim	16.0	20.0	71.0	187.0	499.0	1269.0	2875.0	5165.0	9299.0	14265.0	22612.0	33986.0	50834.0	71338.0	99198.0	139342.0	217426.0	301262.0	562558.0	4303621.0	1584656.0
	16.0	17.0	18.0	19.0	20.0	21.0	22.0	23.0	24.0	25.0	26.0	27.0	28.0	29.0	30.0	31.0	32.0	33.0	34.0	35.0	36.0	37.0
39.trim	2.0	4.0	12.0	23.0	93.0	295.0	862.0	2365.0	5124.0	8870.0	12587.0	17709.0	24506.0	35972.0	49995.0	68573.0	89294.0	119345.0	172762.0	408269.0	3466497.0	1317195.0
	16.0	17.0	18.0	19.0	20.0	21.0	22.0	23.0	24.0	25.0	26.0	27.0	28.0	29.0	30.0	31.0	32.0	33.0	34.0	35.0	36.0	37.0
401.trim	1.0	0.0	4.0	28.0	97.0	284.0	966.0	2714.0	5498.0	9016.0	11671.0	14284.0	17453.0	23998.0	33705.0	45934.0	60333.0	81229.0	117239.0	280252.0	2656645.0	729370.0
	17.0	18.0	19.0	20.0	21.0	22.0	23.0	24.0	25.0	26.0	27.0	28.0	29.0	30.0	31.0	32.0	33.0	34.0	35.0	36.0	37.0
402.trim	6.0	7.0	24.0	43.0	139.0	366.0	1022.0	2292.0	4395.0	7817.0	13514.0	21331.0	33540.0	48499.0	67627.0	88178.0	117642.0	169644.0	417408.0	3379407.0	1296956.0
	16.0	17.0	18.0	19.0	20.0	21.0	22.0	23.0	24.0	25.0	26.0	27.0	28.0	29.0	30.0	31.0	32.0	33.0	34.0	35.0	36.0	37.0
403.trim	1.0	9.0	16.0	37.0	79.0	235.0	588.0	1609.0	3556.0	6526.0	10297.0	16996.0	25435.0	39336.0	56607.0	78394.0	101973.0	137113.0	198197.0	461739.0	4030719.0	1464354.0
	16.0	17.0	18.0	19.0	20.0	21.0	22.0	23.0	24.0	25.0	26.0	27.0	28.0	29.0	30.0	31.0	32.0	33.0	34.0	35.0	36.0	37.0
404.trim	2.0	4.0	11.0	24.0	81.0	245.0	817.0	2150.0	4410.0	7971.0	11863.0	17661.0	26405.0	40014.0	57599.0	79448.0	103582.0	138119.0	197842.0	466716.0	4273085.0	1473883.0
	18.0	19.0	20.0	21.0	22.0	23.0	24.0	25.0	26.0	27.0	28.0	29.0	30.0	31.0	32.0	33.0	34.0	35.0	36.0	37.0
41.trim	14.0	42.0	135.0	435.0	1350.0	3499.0	7357.0	12337.0	17632.0	23753.0	32288.0	47035.0	67028.0	92991.0	123099.0	169576.0	257037.0	592419.0	5125482.0	1598162.0
	16.0	17.0	18.0	19.0	20.0	21.0	22.0	23.0	24.0	25.0	26.0	27.0	28.0	29.0	30.0	31.0	32.0	33.0	34.0	35.0	36.0	37.0
411.trim	1.0	0.0	9.0	28.0	91.0	293.0	921.0	2700.0	5632.0	10201.0	14417.0	19542.0	26885.0	38877.0	54649.0	74768.0	96884.0	128648.0	185426.0	435189.0	3995133.0	1424361.0
	16.0	17.0	18.0	19.0	20.0	21.0	22.0	23.0	24.0	25.0	26.0	27.0	28.0	29.0	30.0	31.0	32.0	33.0	34.0	35.0	36.0	37.0
412.trim	1.0	3.0	36.0	181.0	746.0	2700.0	6740.0	13550.0	21761.0	32128.0	42672.0	61920.0	155701.0	405447.0	305798.0	121732.0	98818.0	117334.0	163077.0	362006.0	3501276.0	1287063.0
	16.0	17.0	18.0	19.0	20.0	21.0	22.0	23.0	24.0	25.0	26.0	27.0	28.0	29.0	30.0	31.0	32.0	33.0	34.0	35.0	36.0	37.0
413.trim	2.0	3.0	14.0	23.0	63.0	177.0	475.0	1214.0	2734.0	5145.0	8684.0	14584.0	23288.0	36549.0	52759.0	73913.0	97057.0	129677.0	183106.0	424999.0	3826342.0	1459584.0
	17.0	18.0	19.0	20.0	21.0	22.0	23.0	24.0	25.0	26.0	27.0	28.0	29.0	30.0	31.0	32.0	33.0	34.0	35.0	36.0	37.0
414.trim	3.0	12.0	27.0	65.0	197.0	476.0	1187.0	2386.0	4617.0	8169.0	13875.0	22200.0	33673.0	46952.0	63446.0	80167.0	109679.0	161093.0	379273.0	2179300.0	1753234.0
	17.0	18.0	19.0	20.0	21.0	22.0	23.0	24.0	25.0	26.0	27.0	28.0	29.0	30.0	31.0	32.0	33.0	34.0	35.0	36.0	37.0
421.trim	11.0	20.0	41.0	114.0	363.0	1181.0	3053.0	6145.0	10540.0	15522.0	22195.0	31729.0	46238.0	64948.0	90144.0	120069.0	157888.0	219894.0	520038.0	4574775.0	1539417.0
	16.0	17.0	18.0	19.0	20.0	21.0	22.0	23.0	24.0	25.0	26.0	27.0	28.0	29.0	30.0	31.0	32.0	33.0	34.0	35.0	36.0	37.0
43.trim	1.0	5.0	12.0	34.0	81.0	206.0	581.0	1484.0	3024.0	5940.0	10329.0	17657.0	27888.0	43439.0	62348.0	85635.0	110696.0	146521.0	209429.0	494810.0	4166228.0	1728859.0
	17.0	18.0	19.0	20.0	21.0	22.0	23.0	24.0	25.0	26.0	27.0	28.0	29.0	30.0	31.0	32.0	33.0	34.0	35.0	36.0	37.0
431b.trim	2.0	10.0	14.0	60.0	164.0	534.0	1265.0	2772.0	5250.0	8698.0	14251.0	22575.0	35712.0	51345.0	71760.0	93596.0	125269.0	181389.0	430323.0	3857459.0	1323922.0
	15.0	16.0	17.0	18.0	19.0	20.0	21.0	22.0	23.0	24.0	25.0	26.0	27.0	28.0	29.0	30.0	31.0	32.0	33.0	34.0	35.0	36.0	37.0
432.trim	1.0	0.0	3.0	11.0	29.0	113.0	405.0	1105.0	2685.0	5412.0	8928.0	12849.0	17647.0	24462.0	35857.0	51496.0	73919.0	103270.0	157208.0	265248.0	608717.0	3509760.0	1004222.0
	15.0	16.0	17.0	18.0	19.0	20.0	21.0	22.0	23.0	24.0	25.0	26.0	27.0	28.0	29.0	30.0	31.0	32.0	33.0	34.0	35.0	36.0	37.0
434.trim	1.0	1.0	5.0	8.0	29.0	50.0	151.0	346.0	914.0	2076.0	4313.0	8076.0	14930.0	24417.0	39479.0	58040.0	81530.0	105812.0	142126.0	203440.0	472023.0	4237120.0	1575512.0
	17.0	18.0	19.0	20.0	21.0	22.0	23.0	24.0	25.0	26.0	27.0	28.0	29.0	30.0	31.0	32.0	33.0	34.0	35.0	36.0	37.0
44.trim	2.0	3.0	27.0	101.0	391.0	1136.0	2599.0	4559.0	7304.0	9648.0	12776.0	19924.0	52509.0	97040.0	108903.0	57414.0	28286.0	28868.0	58271.0	238472.0	262616.0
	17.0	18.0	19.0	20.0	21.0	22.0	23.0	24.0	25.0	26.0	27.0	28.0	29.0	30.0	31.0	32.0	33.0	34.0	35.0	36.0	37.0
441.trim	1.0	16.0	63.0	258.0	970.0	2546.0	5942.0	11090.0	19251.0	29179.0	42338.0	57501.0	78267.0	101327.0	136292.0	197140.0	427766.0	1095485.0	1478314.0	3110836.0	1277683.0
	17.0	18.0	19.0	20.0	21.0	22.0	23.0	24.0	25.0	26.0	27.0	28.0	29.0	30.0	31.0	32.0	33.0	34.0	35.0	36.0	37.0
442b.trim	2.0	6.0	15.0	72.0	268.0	710.0	1989.0	4038.0	7057.0	10203.0	15087.0	21306.0	31742.0	44932.0	62321.0	81859.0	113063.0	170386.0	398464.0	2780079.0	1282394.0
	15.0	16.0	17.0	18.0	19.0	20.0	21.0	22.0	23.0	24.0	25.0	26.0	27.0	28.0	29.0	30.0	31.0	32.0	33.0	34.0	35.0	36.0	37.0
443.trim	1.0	0.0	4.0	10.0	37.0	96.0	432.0	1200.0	3287.0	6896.0	11435.0	15811.0	20631.0	26772.0	37898.0	52545.0	71257.0	91686.0	122447.0	173302.0	404961.0	3616845.0	1388842.0
	16.0	17.0	18.0	19.0	20.0	21.0	22.0	23.0	24.0	25.0	26.0	27.0	28.0	29.0	30.0	31.0	32.0	33.0	34.0	35.0	36.0	37.0
444.trim	1.0	2.0	8.0	22.0	65.0	185.0	576.0	1523.0	3370.0	6479.0	10923.0	18392.0	29565.0	47444.0	69370.0	95924.0	124607.0	166183.0	236652.0	566906.0	4846314.0	1722323.0
	15.0	16.0	17.0	18.0	19.0	20.0	21.0	22.0	23.0	24.0	25.0	26.0	27.0	28.0	29.0	30.0	31.0	32.0	33.0	34.0	35.0	36.0	37.0
445.trim	1.0	0.0	4.0	11.0	21.0	70.0	209.0	584.0	1582.0	3344.0	6246.0	9953.0	16394.0	25435.0	39070.0	56308.0	78273.0	102297.0	135460.0	191187.0	449073.0	4013729.0	1389740.0
	17.0	18.0	19.0	20.0	21.0	22.0	23.0	24.0	25.0	26.0	27.0	28.0	29.0	30.0	31.0	32.0	33.0	34.0	35.0	36.0	37.0
45.trim	12.0	23.0	62.0	169.0	307.0	712.0	1581.0	3122.0	5875.0	10033.0	17166.0	27484.0	42996.0	61038.0	84979.0	110946.0	152559.0	221752.0	512667.0	4055677.0	1685634.0
	17.0	18.0	19.0	20.0	21.0	22.0	23.0	24.0	25.0	26.0	27.0	28.0	29.0	30.0	31.0	32.0	33.0	34.0	35.0	36.0	37.0
451.trim	6.0	9.0	34.0	67.0	211.0	579.0	1672.0	3543.0	6784.0	11609.0	19749.0	31828.0	50131.0	72981.0	102054.0	134327.0	179872.0	260266.0	626376.0	5216536.0	2107263.0
	17.0	18.0	19.0	20.0	21.0	22.0	23.0	24.0	25.0	26.0	27.0	28.0	29.0	30.0	31.0	32.0	33.0	34.0	35.0	36.0	37.0
452b.trim	6.0	8.0	16.0	65.0	248.0	759.0	2048.0	4269.0	7532.0	10933.0	15458.0	21805.0	32146.0	45319.0	62672.0	81540.0	108922.0	156272.0	368438.0	3337826.0	1181601.0
	17.0	18.0	19.0	20.0	21.0	22.0	23.0	24.0	25.0	26.0	27.0	28.0	29.0	30.0	31.0	32.0	33.0	34.0	35.0	36.0	37.0
453.trim	2.0	5.0	20.0	65.0	229.0	651.0	1728.0	3729.0	6565.0	9947.0	14876.0	21807.0	32560.0	46967.0	64670.0	83790.0	109037.0	152654.0	348075.0	3022615.0	1289593.0
	14.0	15.0	16.0	17.0	18.0	19.0	20.0	21.0	22.0	23.0	24.0	25.0	26.0	27.0	28.0	29.0	30.0	31.0	32.0	33.0	34.0	35.0	36.0	37.0
46.trim	1.0	0.0	5.0	8.0	23.0	50.0	136.0	300.0	800.0	2073.0	4328.0	7638.0	11990.0	18276.0	27450.0	42679.0	61035.0	85337.0	113151.0	154954.0	229085.0	536051.0	4431926.0	1654153.0
	17.0	18.0	19.0	20.0	21.0	22.0	23.0	24.0	25.0	26.0	27.0	28.0	29.0	30.0	31.0	32.0	33.0	34.0	35.0	36.0	37.0
461b.trim	3.0	5.0	11.0	51.0	139.0	470.0	1135.0	2586.0	4637.0	7113.0	11068.0	16595.0	25557.0	36967.0	51551.0	67333.0	91073.0	130811.0	313055.0	2837001.0	940216.0
	16.0	17.0	18.0	19.0	20.0	21.0	22.0	23.0	24.0	25.0	26.0	27.0	28.0	29.0	30.0	31.0	32.0	33.0	34.0	35.0	36.0	37.0
462b.trim	1.0	8.0	10.0	34.0	84.0	284.0	846.0	2249.0	4831.0	9271.0	15666.0	25261.0	39444.0	60964.0	86566.0	121040.0	156641.0	213430.0	314690.0	694537.0	5262669.0	2634768.0
	17.0	18.0	19.0	20.0	21.0	22.0	23.0	24.0	25.0	26.0	27.0	28.0	29.0	30.0	31.0	32.0	33.0	34.0	35.0	36.0	37.0
47.trim	7.0	26.0	59.0	134.0	567.0	1694.0	4262.0	8582.0	14225.0	18430.0	22803.0	29261.0	37209.0	47664.0	64297.0	82980.0	110177.0	160813.0	390082.0	3339349.0	1031006.0
	16.0	17.0	18.0	19.0	20.0	21.0	22.0	23.0	24.0	25.0	26.0	27.0	28.0	29.0	30.0	31.0	32.0	33.0	34.0	35.0	36.0	37.0
471b.trim	1.0	4.0	7.0	26.0	102.0	378.0	1172.0	3443.0	7362.0	12086.0	16613.0	21189.0	27655.0	38688.0	53559.0	73754.0	96152.0	128870.0	182636.0	415275.0	3826068.0	1344724.0
	18.0	19.0	20.0	21.0	22.0	23.0	24.0	25.0	26.0	27.0	28.0	29.0	30.0	31.0	32.0	33.0	34.0	35.0	36.0	37.0
472b.trim	6.0	14.0	60.0	216.0	661.0	1695.0	3685.0	6725.0	10349.0	16335.0	24143.0	37360.0	53127.0	74041.0	95979.0	126192.0	177210.0	410416.0	3500206.0	1536493.0
	17.0	18.0	19.0	20.0	21.0	22.0	23.0	24.0	25.0	26.0	27.0	28.0	29.0	30.0	31.0	32.0	33.0	34.0	35.0	36.0	37.0
473.trim	8.0	14.0	30.0	82.0	169.0	485.0	1223.0	2580.0	5093.0	8500.0	14658.0	23955.0	37369.0	54385.0	76249.0	100097.0	133729.0	192702.0	463494.0	4151376.0	1283533.0
	16.0	17.0	18.0	19.0	20.0	21.0	22.0	23.0	24.0	25.0	26.0	27.0	28.0	29.0	30.0	31.0	32.0	33.0	34.0	35.0	36.0	37.0
474.trim	1.0	4.0	5.0	41.0	97.0	259.0	805.0	2409.0	5103.0	8904.0	13828.0	20593.0	30466.0	46877.0	67219.0	94103.0	122639.0	164521.0	234857.0	552028.0	5329826.0	1707929.0
	16.0	17.0	18.0	19.0	20.0	21.0	22.0	23.0	24.0	25.0	26.0	27.0	28.0	29.0	30.0	31.0	32.0	33.0	34.0	35.0	36.0	37.0
475.trim	1.0	4.0	12.0	37.0	78.0	169.0	565.0	1330.0	2987.0	5664.0	9636.0	16243.0	25960.0	40395.0	58824.0	82661.0	107621.0	144831.0	206513.0	500982.0	4534252.0	1528949.0
	18.0	19.0	20.0	21.0	22.0	23.0	24.0	25.0	26.0	27.0	28.0	29.0	30.0	31.0	32.0	33.0	34.0	35.0	36.0	37.0
476.trim	9.0	17.0	45.0	154.0	475.0	1354.0	2894.0	5470.0	8102.0	12027.0	17581.0	26912.0	38766.0	54528.0	71603.0	94944.0	135427.0	318173.0	2844308.0	1037329.0
	17.0	18.0	19.0	20.0	21.0	22.0	23.0	24.0	25.0	26.0	27.0	28.0	29.0	30.0	31.0	32.0	33.0	34.0	35.0	36.0	37.0
477.trim	4.0	10.0	19.0	72.0	187.0	486.0	1300.0	2739.0	5166.0	8715.0	14533.0	23247.0	36020.0	52307.0	73313.0	95813.0	126974.0	184003.0	437191.0	4103197.0	1289411.0
	16.0	17.0	18.0	19.0	20.0	21.0	22.0	23.0	24.0	25.0	26.0	27.0	28.0	29.0	30.0	31.0	32.0	33.0	34.0	35.0	36.0	37.0
481.trim	1.0	3.0	15.0	32.0	120.0	414.0	1166.0	2940.0	6147.0	10875.0	15917.0	22994.0	31931.0	46565.0	65397.0	88878.0	114685.0	153717.0	225776.0	532054.0	3984973.0	1886539.0
	16.0	17.0	18.0	19.0	20.0	21.0	22.0	23.0	24.0	25.0	26.0	27.0	28.0	29.0	30.0	31.0	32.0	33.0	34.0	35.0	36.0	37.0
482.trim	1.0	4.0	5.0	31.0	90.0	346.0	1092.0	2994.0	6351.0	10715.0	14597.0	18564.0	23542.0	33323.0	46266.0	64256.0	82562.0	108167.0	154451.0	359301.0	3207175.0	1222228.0
	16.0	17.0	18.0	19.0	20.0	21.0	22.0	23.0	24.0	25.0	26.0	27.0	28.0	29.0	30.0	31.0	32.0	33.0	34.0	35.0	36.0	37.0
483.trim	1.0	3.0	4.0	29.0	66.0	189.0	571.0	1542.0	3238.0	6220.0	10379.0	16733.0	25563.0	38778.0	56389.0	78231.0	96260.0	124727.0	172880.0	411396.0	2886267.0	1752151.0
	16.0	17.0	18.0	19.0	20.0	21.0	22.0	23.0	24.0	25.0	26.0	27.0	28.0	29.0	30.0	31.0	32.0	33.0	34.0	35.0	36.0	37.0
484.trim	1.0	2.0	6.0	22.0	62.0	135.0	420.0	1015.0	2365.0	4368.0	7340.0	12458.0	19772.0	30294.0	43998.0	60740.0	79197.0	105356.0	152627.0	365360.0	3120424.0	1094303.0
	16.0	17.0	18.0	19.0	20.0	21.0	22.0	23.0	24.0	25.0	26.0	27.0	28.0	29.0	30.0	31.0	32.0	33.0	34.0	35.0	36.0	37.0
485.trim	3.0	5.0	12.0	44.0	135.0	449.0	1393.0	3991.0	8244.0	13950.0	18733.0	24085.0	30773.0	42974.0	59466.0	81377.0	106007.0	140266.0	200771.0	461607.0	4374595.0	1456848.0
	16.0	17.0	18.0	19.0	20.0	21.0	22.0	23.0	24.0	25.0	26.0	27.0	28.0	29.0	30.0	31.0	32.0	33.0	34.0	35.0	36.0	37.0
487.trim	1.0	6.0	15.0	42.0	91.0	277.0	750.0	1918.0	3859.0	7162.0	11426.0	18284.0	27742.0	42439.0	60472.0	83685.0	108672.0	145921.0	210277.0	512426.0	4280372.0	1655389.0
	17.0	18.0	19.0	20.0	21.0	22.0	23.0	24.0	25.0	26.0	27.0	28.0	29.0	30.0	31.0	32.0	33.0	34.0	35.0	36.0	37.0
488.trim	7.0	12.0	27.0	58.0	143.0	524.0	1332.0	2985.0	5778.0	9551.0	15870.0	25349.0	40221.0	58138.0	81476.0	106223.0	140852.0	201386.0	474990.0	4210002.0	1491044.0
	16.0	17.0	18.0	19.0	20.0	21.0	22.0	23.0	24.0	25.0	26.0	27.0	28.0	29.0	30.0	31.0	32.0	33.0	34.0	35.0	36.0	37.0
489.trim	2.0	4.0	12.0	30.0	86.0	241.0	573.0	1683.0	3420.0	6503.0	10862.0	17725.0	28063.0	42752.0	61891.0	85448.0	111523.0	149487.0	215122.0	511551.0	4481313.0	1531664.0
	15.0	16.0	17.0	18.0	19.0	20.0	21.0	22.0	23.0	24.0	25.0	26.0	27.0	28.0	29.0	30.0	31.0	32.0	33.0	34.0	35.0	36.0	37.0
490.trim	1.0	2.0	3.0	17.0	31.0	61.0	187.0	515.0	1304.0	2886.0	5440.0	8929.0	14505.0	22361.0	34635.0	49564.0	69079.0	89597.0	120407.0	176466.0	417743.0	3500544.0	1276252.0
	14.0	15.0	16.0	17.0	18.0	19.0	20.0	21.0	22.0	23.0	24.0	25.0	26.0	27.0	28.0	29.0	30.0	31.0	32.0	33.0	34.0	35.0	36.0	37.0
491.trim	1.0	1.0	1.0	2.0	7.0	38.0	143.0	595.0	1844.0	5570.0	11583.0	19362.0	24853.0	28271.0	32862.0	42859.0	56361.0	77261.0	99809.0	131367.0	185710.0	433231.0	3860909.0	1405353.0
	17.0	18.0	19.0	20.0	21.0	22.0	23.0	24.0	25.0	26.0	27.0	28.0	29.0	30.0	31.0	32.0	33.0	34.0	35.0	36.0	37.0
492.trim	5.0	15.0	44.0	182.0	705.0	2366.0	6883.0	14409.0	23772.0	30402.0	35640.0	41231.0	54015.0	71157.0	97274.0	124347.0	163200.0	229215.0	531870.0	4407423.0	1963143.0
	18.0	19.0	20.0	21.0	22.0	23.0	24.0	25.0	26.0	27.0	28.0	29.0	30.0	31.0	32.0	33.0	34.0	35.0	36.0	37.0
506.trim	9.0	32.0	116.0	469.0	1660.0	4630.0	9774.0	16394.0	20866.0	24795.0	29071.0	39228.0	53041.0	70614.0	90232.0	119145.0	165803.0	382780.0	3227190.0	1486706.0
	15.0	16.0	17.0	18.0	19.0	20.0	21.0	22.0	23.0	24.0	25.0	26.0	27.0	28.0	29.0	30.0	31.0	32.0	33.0	34.0	35.0	36.0	37.0
513.trim	1.0	0.0	4.0	16.0	29.0	73.0	172.0	524.0	1358.0	3152.0	5933.0	10108.0	16555.0	25727.0	39382.0	56445.0	77417.0	99527.0	133563.0	187524.0	437191.0	3521580.0	1642534.0
	16.0	17.0	18.0	19.0	20.0	21.0	22.0	23.0	24.0	25.0	26.0	27.0	28.0	29.0	30.0	31.0	32.0	33.0	34.0	35.0	36.0	37.0
521.trim	2.0	2.0	7.0	43.0	105.0	418.0	1239.0	3249.0	7009.0	13007.0	20197.0	31493.0	46812.0	70546.0	99478.0	137392.0	176617.0	237483.0	342814.0	770818.0	6392144.0	3107657.0
	17.0	18.0	19.0	20.0	21.0	22.0	23.0	24.0	25.0	26.0	27.0	28.0	29.0	30.0	31.0	32.0	33.0	34.0	35.0	36.0	37.0
522.trim	1.0	8.0	24.0	82.0	247.0	773.0	2076.0	4476.0	7627.0	11323.0	16598.0	23664.0	35741.0	49745.0	69252.0	88500.0	118112.0	167667.0	388166.0	3427688.0	1348764.0
	17.0	18.0	19.0	20.0	21.0	22.0	23.0	24.0	25.0	26.0	27.0	28.0	29.0	30.0	31.0	32.0	33.0	34.0	35.0	36.0	37.0
523.trim	1.0	10.0	40.0	131.0	573.0	1667.0	4476.0	9230.0	15440.0	20465.0	25592.0	32514.0	44425.0	61340.0	83448.0	107953.0	145877.0	209295.0	481939.0	4132318.0	1539071.0
	17.0	18.0	19.0	20.0	21.0	22.0	23.0	24.0	25.0	26.0	27.0	28.0	29.0	30.0	31.0	32.0	33.0	34.0	35.0	36.0	37.0
524.trim	4.0	9.0	24.0	77.0	228.0	692.0	1898.0	4085.0	7167.0	10710.0	16040.0	23144.0	34892.0	50792.0	70055.0	91779.0	122413.0	174194.0	407809.0	3767661.0	1311892.0
	14.0	15.0	16.0	17.0	18.0	19.0	20.0	21.0	22.0	23.0	24.0	25.0	26.0	27.0	28.0	29.0	30.0	31.0	32.0	33.0	34.0	35.0	36.0	37.0
525.trim	1.0	0.0	0.0	5.0	6.0	27.0	67.0	205.0	516.0	1328.0	2733.0	5048.0	8247.0	13365.0	20729.0	31708.0	45700.0	63239.0	82020.0	109968.0	157538.0	376289.0	3242330.0	1175266.0
	16.0	17.0	18.0	19.0	20.0	21.0	22.0	23.0	24.0	25.0	26.0	27.0	28.0	29.0	30.0	31.0	32.0	33.0	34.0	35.0	36.0	37.0
526.trim	1.0	2.0	11.0	20.0	67.0	207.0	641.0	1814.0	3818.0	6694.0	9747.0	13642.0	20082.0	29234.0	42594.0	59042.0	76880.0	102658.0	146620.0	349679.0	3322278.0	1045063.0
	16.0	17.0	18.0	19.0	20.0	21.0	22.0	23.0	24.0	25.0	26.0	27.0	28.0	29.0	30.0	31.0	32.0	33.0	34.0	35.0	36.0	37.0
527.trim	1.0	5.0	11.0	39.0	66.0	283.0	833.0	2227.0	4821.0	8680.0	14130.0	21339.0	32428.0	48835.0	68826.0	95278.0	122695.0	164373.0	233514.0	551623.0	4483341.0	1973541.0
	17.0	18.0	19.0	20.0	21.0	22.0	23.0	24.0	25.0	26.0	27.0	28.0	29.0	30.0	31.0	32.0	33.0	34.0	35.0	36.0	37.0
528.trim	2.0	13.0	36.0	82.0	281.0	790.0	2129.0	4681.0	8539.0	14001.0	22113.0	33915.0	52472.0	74200.0	103947.0	134245.0	178350.0	253060.0	593043.0	5051804.0	2095725.0
	16.0	17.0	18.0	19.0	20.0	21.0	22.0	23.0	24.0	25.0	26.0	27.0	28.0	29.0	30.0	31.0	32.0	33.0	34.0	35.0	36.0	37.0
529.trim	1.0	1.0	8.0	16.0	63.0	247.0	809.0	2127.0	4575.0	8206.0	12154.0	17867.0	25894.0	39226.0	56897.0	79687.0	104711.0	139567.0	200551.0	468252.0	4182742.0	1520056.0
	16.0	17.0	18.0	19.0	20.0	21.0	22.0	23.0	24.0	25.0	26.0	27.0	28.0	29.0	30.0	31.0	32.0	33.0	34.0	35.0	36.0	37.0
531.trim	2.0	2.0	7.0	30.0	98.0	348.0	1072.0	2774.0	5849.0	9882.0	13641.0	17496.0	22838.0	31953.0	43754.0	59580.0	77041.0	102199.0	144794.0	340476.0	2952065.0	1120002.0
	18.0	19.0	20.0	21.0	22.0	23.0	24.0	25.0	26.0	27.0	28.0	29.0	30.0	31.0	32.0	33.0	34.0	35.0	36.0	37.0
532.trim	2.0	24.0	47.0	158.0	460.0	1260.0	2865.0	5134.0	8022.0	12287.0	18750.0	29393.0	41902.0	58791.0	77895.0	103067.0	147494.0	351247.0	3192498.0	1013966.0
	16.0	17.0	18.0	19.0	20.0	21.0	22.0	23.0	24.0	25.0	26.0	27.0	28.0	29.0	30.0	31.0	32.0	33.0	34.0	35.0	36.0	37.0
533.trim	1.0	2.0	8.0	20.0	74.0	199.0	548.0	1486.0	3157.0	5490.0	8313.0	12533.0	18756.0	28748.0	41433.0	57603.0	76924.0	104402.0	155819.0	385750.0	3341086.0	961719.0
	16.0	17.0	18.0	19.0	20.0	21.0	22.0	23.0	24.0	25.0	26.0	27.0	28.0	29.0	30.0	31.0	32.0	33.0	34.0	35.0	36.0	37.0
541.trim	1.0	2.0	10.0	36.0	98.0	326.0	1044.0	2998.0	6129.0	10734.0	15190.0	20690.0	28900.0	41675.0	58896.0	81572.0	105387.0	140788.0	200671.0	467809.0	4171691.0	1664214.0
	17.0	18.0	19.0	20.0	21.0	22.0	23.0	24.0	25.0	26.0	27.0	28.0	29.0	30.0	31.0	32.0	33.0	34.0	35.0	36.0	37.0
542.trim	3.0	11.0	26.0	56.0	196.0	575.0	1468.0	3173.0	5881.0	9595.0	15353.0	23845.0	36810.0	53026.0	73130.0	96421.0	127787.0	178271.0	404764.0	3724169.0	1427132.0
	17.0	18.0	19.0	20.0	21.0	22.0	23.0	24.0	25.0	26.0	27.0	28.0	29.0	30.0	31.0	32.0	33.0	34.0	35.0	36.0	37.0
543.trim	1.0	10.0	24.0	61.0	235.0	737.0	2064.0	4234.0	7050.0	9879.0	13333.0	17192.0	24732.0	34231.0	46801.0	59934.0	80172.0	114686.0	269315.0	2293955.0	945202.0
	16.0	17.0	18.0	19.0	20.0	21.0	22.0	23.0	24.0	25.0	26.0	27.0	28.0	29.0	30.0	31.0	32.0	33.0	34.0	35.0	36.0	37.0
551.trim	1.0	3.0	17.0	28.0	105.0	350.0	1030.0	2930.0	6062.0	10780.0	15632.0	21594.0	31120.0	45777.0	64627.0	88755.0	117002.0	156692.0	221394.0	508401.0	4584828.0	1585332.0
	15.0	16.0	17.0	18.0	19.0	20.0	21.0	22.0	23.0	24.0	25.0	26.0	27.0	28.0	29.0	30.0	31.0	32.0	33.0	34.0	35.0	36.0	37.0
552b.trim	1.0	1.0	0.0	9.0	33.0	131.0	465.0	1378.0	4065.0	8364.0	13578.0	17219.0	19740.0	22853.0	30744.0	39400.0	50838.0	64806.0	85861.0	121249.0	277016.0	2556668.0	925410.0
	14.0	15.0	16.0	17.0	18.0	19.0	20.0	21.0	22.0	23.0	24.0	25.0	26.0	27.0	28.0	29.0	30.0	31.0	32.0	33.0	34.0	35.0	36.0	37.0
553.trim	1.0	0.0	0.0	2.0	11.0	20.0	63.0	155.0	383.0	995.0	2259.0	4068.0	6787.0	10982.0	16922.0	26528.0	38289.0	53871.0	70082.0	93235.0	135329.0	325311.0	3079305.0	963057.0
	17.0	18.0	19.0	20.0	21.0	22.0	23.0	24.0	25.0	26.0	27.0	28.0	29.0	30.0	31.0	32.0	33.0	34.0	35.0	36.0	37.0
554.trim	6.0	25.0	49.0	94.0	249.0	571.0	1496.0	3334.0	6420.0	10947.0	18787.0	30046.0	47053.0	67861.0	93869.0	121983.0	162384.0	233231.0	558570.0	4934622.0	1701955.0
	16.0	17.0	18.0	19.0	20.0	21.0	22.0	23.0	24.0	25.0	26.0	27.0	28.0	29.0	30.0	31.0	32.0	33.0	34.0	35.0	36.0	37.0
561.trim	2.0	3.0	9.0	23.0	63.0	249.0	806.0	2078.0	4411.0	7581.0	11239.0	16546.0	23761.0	36057.0	52271.0	73089.0	96669.0	130114.0	198106.0	472139.0	4042821.0	1175260.0
	16.0	17.0	18.0	19.0	20.0	21.0	22.0	23.0	24.0	25.0	26.0	27.0	28.0	29.0	30.0	31.0	32.0	33.0	34.0	35.0	36.0	37.0
562.trim	3.0	5.0	17.0	71.0	252.0	853.0	2479.0	5839.0	11953.0	21277.0	32671.0	48456.0	70712.0	102329.0	141162.0	192373.0	250331.0	352056.0	654455.0	1590621.0	8019455.0	3487177.0
	16.0	17.0	18.0	19.0	20.0	21.0	22.0	23.0	24.0	25.0	26.0	27.0	28.0	29.0	30.0	31.0	32.0	33.0	34.0	35.0	36.0	37.0
563.trim	2.0	1.0	4.0	31.0	77.0	226.0	735.0	1854.0	4043.0	7483.0	11976.0	19248.0	30086.0	46608.0	67828.0	94719.0	124022.0	164751.0	238884.0	558441.0	5187255.0	1691834.0
	17.0	18.0	19.0	20.0	21.0	22.0	23.0	24.0	25.0	26.0	27.0	28.0	29.0	30.0	31.0	32.0	33.0	34.0	35.0	36.0	37.0
564.trim	2.0	7.0	24.0	34.0	94.0	333.0	891.0	1918.0	3560.0	6010.0	9743.0	15760.0	24901.0	36100.0	50713.0	66354.0	89166.0	128184.0	306326.0	2844695.0	893391.0
	17.0	18.0	19.0	20.0	21.0	22.0	23.0	24.0	25.0	26.0	27.0	28.0	29.0	30.0	31.0	32.0	33.0	34.0	35.0	36.0	37.0
565.trim	1.0	7.0	19.0	63.0	199.0	559.0	1407.0	2750.0	5169.0	8169.0	13324.0	20028.0	30815.0	43975.0	61388.0	80154.0	108023.0	160184.0	389188.0	3416447.0	1117338.0
	16.0	17.0	18.0	19.0	20.0	21.0	22.0	23.0	24.0	25.0	26.0	27.0	28.0	29.0	30.0	31.0	32.0	33.0	34.0	35.0	36.0	37.0
571.trim	1.0	0.0	8.0	49.0	219.0	719.0	1758.0	3351.0	4970.0	6605.0	7637.0	8873.0	9587.0	10709.0	12283.0	14798.0	19235.0	33237.0	56195.0	83796.0	275752.0	180575.0
	14.0	15.0	16.0	17.0	18.0	19.0	20.0	21.0	22.0	23.0	24.0	25.0	26.0	27.0	28.0	29.0	30.0	31.0	32.0	33.0	34.0	35.0	36.0	37.0
Undetermined.trim	1.0	9.0	35.0	113.0	264.0	824.0	2571.0	9155.0	29323.0	80368.0	158187.0	245026.0	277593.0	253091.0	197787.0	163077.0	151204.0	164552.0	193798.0	251225.0	367012.0	874397.0	8137256.0	1732274.0

