137
139
140
141
156
159
161
162
168
169
171
172
181
183
184
185
291
292
293
294
295
296
298
299
301
302
303
304
305
306
307
308
309
311
312
313
314
315
316
317
318
319
321
322
323
324
325
326
327
328
329
331
332
333
334
335
336
337
338
339
34
341
342
343
344
345
346
347
348
349
35
37
39
401
402
403
404
41
411
412
413
414
421
43
431b
432
434
44
441
442b
443
444
445
45
451
452b
453
46
461b
462b
47
471b
472b
473
474
475
476
477
481
482
483
484
485
487
488
489
490
491
492
506
513
521
522
523
524
525
526
527
528
529
531
532
533
541
542
543
551
552b
553
554
561
562
563
564
565
571
Undetermined
