	16.0	17.0	18.0	19.0	20.0	21.0	22.0	23.0	24.0	25.0	26.0	27.0	28.0	29.0	30.0	31.0	32.0	33.0	34.0	35.0	36.0	37.0
137_S63_L001_R1_001	2.0	7.0	22.0	63.0	224.0	893.0	3299.0	7573.0	13054.0	19769.0	29736.0	45159.0	64666.0	90857.0	125050.0	166064.0	218929.0	297033.0	446404.0	912110.0	3613315.0	350467.0
	16.0	17.0	18.0	19.0	20.0	21.0	22.0	23.0	24.0	25.0	26.0	27.0	28.0	29.0	30.0	31.0	32.0	33.0	34.0	35.0	36.0	37.0
139_S54_L001_R1_001	1.0	6.0	8.0	34.0	98.0	468.0	1745.0	4145.0	6805.0	10328.0	15962.0	23971.0	34232.0	44901.0	56966.0	71059.0	89929.0	120194.0	177232.0	345152.0	1228991.0	116984.0
	17.0	18.0	19.0	20.0	21.0	22.0	23.0	24.0	25.0	26.0	27.0	28.0	29.0	30.0	31.0	32.0	33.0	34.0	35.0	36.0	37.0
140_S64_L001_R1_001	13.0	28.0	76.0	264.0	1225.0	4128.0	7997.0	13475.0	21380.0	33533.0	49750.0	69633.0	94228.0	124608.0	162795.0	211224.0	282623.0	413392.0	822547.0	3254686.0	324728.0
	15.0	16.0	17.0	18.0	19.0	20.0	21.0	22.0	23.0	24.0	25.0	26.0	27.0	28.0	29.0	30.0	31.0	32.0	33.0	34.0	35.0	36.0	37.0
141_S61_L001_R1_001	1.0	1.0	3.0	9.0	27.0	147.0	867.0	3084.0	6784.0	10990.0	14248.0	16142.0	19358.0	24867.0	32551.0	41942.0	54926.0	69459.0	92944.0	139592.0	287934.0	1112056.0	109281.0
	17.0	18.0	19.0	20.0	21.0	22.0	23.0	24.0	25.0	26.0	27.0	28.0	29.0	30.0	31.0	32.0	33.0	34.0	35.0	36.0	37.0
156_S66_L001_R1_001	1.0	11.0	27.0	113.0	590.0	2007.0	4301.0	7382.0	10557.0	15948.0	25227.0	38987.0	58596.0	86360.0	120687.0	165364.0	229279.0	354222.0	744215.0	3012651.0	302531.0
	16.0	17.0	18.0	19.0	20.0	21.0	22.0	23.0	24.0	25.0	26.0	27.0	28.0	29.0	30.0	31.0	32.0	33.0	34.0	35.0	36.0	37.0
159_S68_L001_R1_001	1.0	3.0	13.0	60.0	220.0	1058.0	4454.0	9994.0	16823.0	25385.0	37662.0	58085.0	88479.0	133623.0	190669.0	263892.0	357437.0	499804.0	766436.0	1488865.0	4763577.0	452577.0
	16.0	17.0	18.0	19.0	20.0	21.0	22.0	23.0	24.0	25.0	26.0	27.0	28.0	29.0	30.0	31.0	32.0	33.0	34.0	35.0	36.0	37.0
161_S57_L001_R1_001	5.0	15.0	36.0	84.0	212.0	819.0	2927.0	6982.0	12309.0	19510.0	30094.0	46919.0	68750.0	98880.0	135729.0	183303.0	242369.0	331231.0	498744.0	1000595.0	3841000.0	371207.0
	15.0	16.0	17.0	18.0	19.0	20.0	21.0	22.0	23.0	24.0	25.0	26.0	27.0	28.0	29.0	30.0	31.0	32.0	33.0	34.0	35.0	36.0	37.0
162_S62_L001_R1_001	2.0	2.0	15.0	48.0	148.0	613.0	2949.0	11871.0	29527.0	49179.0	60492.0	63165.0	69108.0	85557.0	110415.0	143629.0	186352.0	242289.0	321521.0	469665.0	896678.0	3228742.0	310825.0
	16.0	17.0	18.0	19.0	20.0	21.0	22.0	23.0	24.0	25.0	26.0	27.0	28.0	29.0	30.0	31.0	32.0	33.0	34.0	35.0	36.0	37.0
168_S67_L001_R1_001	1.0	5.0	12.0	34.0	135.0	767.0	2740.0	6813.0	11814.0	15238.0	18199.0	22927.0	31453.0	42521.0	57250.0	75909.0	100778.0	138627.0	210188.0	440673.0	1716478.0	166646.0
	14.0	15.0	16.0	17.0	18.0	19.0	20.0	21.0	22.0	23.0	24.0	25.0	26.0	27.0	28.0	29.0	30.0	31.0	32.0	33.0	34.0	35.0	36.0	37.0
169_S65_L001_R1_001	1.0	1.0	1.0	12.0	42.0	127.0	353.0	1611.0	5858.0	14377.0	26845.0	43484.0	69371.0	106403.0	152159.0	203806.0	256639.0	320114.0	400051.0	532174.0	793808.0	1595710.0	5965713.0	583721.0
	16.0	17.0	18.0	19.0	20.0	21.0	22.0	23.0	24.0	25.0	26.0	27.0	28.0	29.0	30.0	31.0	32.0	33.0	34.0	35.0	36.0	37.0
171_S58_L001_R1_001	2.0	8.0	22.0	83.0	353.0	1686.0	7033.0	17448.0	29789.0	41416.0	55156.0	76087.0	105997.0	142519.0	184574.0	236000.0	305063.0	413084.0	607687.0	1194643.0	4425653.0	445698.0
	16.0	17.0	18.0	19.0	20.0	21.0	22.0	23.0	24.0	25.0	26.0	27.0	28.0	29.0	30.0	31.0	32.0	33.0	34.0	35.0	36.0	37.0
172_S59_L001_R1_001	3.0	9.0	21.0	49.0	193.0	854.0	3403.0	9296.0	15653.0	22159.0	31181.0	44865.0	63313.0	85943.0	109764.0	139977.0	182457.0	244975.0	363594.0	722886.0	2694597.0	267798.0
	15.0	16.0	17.0	18.0	19.0	20.0	21.0	22.0	23.0	24.0	25.0	26.0	27.0	28.0	29.0	30.0	31.0	32.0	33.0	34.0	35.0	36.0	37.0
181_S69_L001_R1_001	1.0	0.0	1.0	5.0	19.0	100.0	485.0	1662.0	3736.0	6618.0	8856.0	11800.0	16964.0	26188.0	38980.0	55535.0	77258.0	104228.0	142901.0	218241.0	432772.0	1455835.0	127944.0
	16.0	17.0	18.0	19.0	20.0	21.0	22.0	23.0	24.0	25.0	26.0	27.0	28.0	29.0	30.0	31.0	32.0	33.0	34.0	35.0	36.0	37.0
183_S56_L001_R1_001	1.0	18.0	74.0	147.0	431.0	2193.0	8066.0	16777.0	27351.0	40431.0	57666.0	80031.0	108818.0	145650.0	195122.0	257478.0	335735.0	450313.0	665601.0	1338261.0	5350368.0	521021.0
	15.0	16.0	17.0	18.0	19.0	20.0	21.0	22.0	23.0	24.0	25.0	26.0	27.0	28.0	29.0	30.0	31.0	32.0	33.0	34.0	35.0	36.0	37.0
184_S55_L001_R1_001	1.0	4.0	1.0	16.0	57.0	281.0	1607.0	5781.0	10734.0	15878.0	21197.0	26475.0	33814.0	43979.0	56301.0	73964.0	97980.0	125885.0	165978.0	243979.0	474928.0	1842097.0	188318.0
	17.0	18.0	19.0	20.0	21.0	22.0	23.0	24.0	25.0	26.0	27.0	28.0	29.0	30.0	31.0	32.0	33.0	34.0	35.0	36.0	37.0
185_S60_L001_R1_001	2.0	3.0	27.0	89.0	418.0	1631.0	3888.0	6472.0	9288.0	12515.0	17446.0	24609.0	33415.0	44155.0	58449.0	77117.0	101401.0	152085.0	307096.0	1187083.0	119634.0
	16.0	17.0	18.0	19.0	20.0	21.0	22.0	23.0	24.0	25.0	26.0	27.0	28.0	29.0	30.0	31.0	32.0	33.0	34.0	35.0	36.0	37.0
291_S42_L001_R1_001	9.0	17.0	46.0	122.0	415.0	1688.0	6135.0	13213.0	22391.0	34239.0	51336.0	76223.0	106376.0	142058.0	181221.0	230817.0	289310.0	378445.0	534324.0	1024720.0	3799883.0	363917.0
	15.0	16.0	17.0	18.0	19.0	20.0	21.0	22.0	23.0	24.0	25.0	26.0	27.0	28.0	29.0	30.0	31.0	32.0	33.0	34.0	35.0	36.0	37.0
292_S32_L001_R1_001	2.0	3.0	7.0	43.0	216.0	1344.0	7719.0	25364.0	42437.0	56690.0	71178.0	88604.0	113746.0	143357.0	174086.0	204382.0	251959.0	296445.0	332654.0	449493.0	788098.0	2058583.0	169750.0
	16.0	17.0	18.0	19.0	20.0	21.0	22.0	23.0	24.0	25.0	26.0	27.0	28.0	29.0	30.0	31.0	32.0	33.0	34.0	35.0	36.0	37.0
293_S11_L001_R1_001	3.0	11.0	33.0	86.0	434.0	2045.0	7998.0	17278.0	27125.0	37856.0	50572.0	69193.0	93166.0	124323.0	160633.0	205257.0	263702.0	343482.0	483025.0	832757.0	2194817.0	205032.0
	16.0	17.0	18.0	19.0	20.0	21.0	22.0	23.0	24.0	25.0	26.0	27.0	28.0	29.0	30.0	31.0	32.0	33.0	34.0	35.0	36.0	37.0
294_S7_L001_R1_001	4.0	17.0	44.0	145.0	649.0	3356.0	10736.0	20686.0	33276.0	47648.0	67703.0	94345.0	129471.0	170744.0	221283.0	286623.0	353082.0	448221.0	634200.0	1149587.0	3415744.0	294496.0
	15.0	16.0	17.0	18.0	19.0	20.0	21.0	22.0	23.0	24.0	25.0	26.0	27.0	28.0	29.0	30.0	31.0	32.0	33.0	34.0	35.0	36.0	37.0
295_S41_L001_R1_001	2.0	10.0	39.0	125.0	236.0	555.0	2357.0	8319.0	18266.0	31703.0	50970.0	79470.0	117766.0	160206.0	208008.0	262529.0	329657.0	409931.0	527677.0	739045.0	1380110.0	5045727.0	492456.0
	16.0	17.0	18.0	19.0	20.0	21.0	22.0	23.0	24.0	25.0	26.0	27.0	28.0	29.0	30.0	31.0	32.0	33.0	34.0	35.0	36.0	37.0
296_S40_L001_R1_001	9.0	40.0	113.0	224.0	752.0	3328.0	13834.0	34080.0	57941.0	84691.0	117245.0	162730.0	220726.0	298391.0	396663.0	514613.0	659860.0	856024.0	1182713.0	1992406.0	5063334.0	439759.0
	15.0	16.0	17.0	18.0	19.0	20.0	21.0	22.0	23.0	24.0	25.0	26.0	27.0	28.0	29.0	30.0	31.0	32.0	33.0	34.0	35.0	36.0	37.0
298_S25_L001_R1_001	2.0	6.0	16.0	43.0	191.0	1053.0	5461.0	15661.0	27244.0	41776.0	58424.0	78686.0	106178.0	138393.0	172484.0	213676.0	269862.0	320951.0	405412.0	561951.0	1004129.0	2952369.0	260184.0
	14.0	15.0	16.0	17.0	18.0	19.0	20.0	21.0	22.0	23.0	24.0	25.0	26.0	27.0	28.0	29.0	30.0	31.0	32.0	33.0	34.0	35.0	36.0	37.0
299_S21_L001_R1_001	1.0	1.0	1.0	13.0	50.0	157.0	776.0	3625.0	14788.0	41068.0	72132.0	103241.0	135791.0	182336.0	242308.0	319198.0	409608.0	505250.0	620961.0	785894.0	1034127.0	1599046.0	3458162.0	266816.0
	14.0	15.0	16.0	17.0	18.0	19.0	20.0	21.0	22.0	23.0	24.0	25.0	26.0	27.0	28.0	29.0	30.0	31.0	32.0	33.0	34.0	35.0	36.0	37.0
301_S22_L001_R1_001	1.0	0.0	5.0	13.0	47.0	143.0	592.0	2656.0	10053.0	21897.0	35280.0	51878.0	72726.0	99987.0	134491.0	180666.0	238769.0	308924.0	393989.0	512078.0	718824.0	1226414.0	3131298.0	262558.0
	16.0	17.0	18.0	19.0	20.0	21.0	22.0	23.0	24.0	25.0	26.0	27.0	28.0	29.0	30.0	31.0	32.0	33.0	34.0	35.0	36.0	37.0
302_S15_L001_R1_001	4.0	22.0	77.0	174.0	735.0	3567.0	12437.0	25722.0	42453.0	64298.0	93048.0	131646.0	179410.0	238548.0	313701.0	409766.0	524890.0	691986.0	978658.0	1706458.0	4427790.0	366444.0
	16.0	17.0	18.0	19.0	20.0	21.0	22.0	23.0	24.0	25.0	26.0	27.0	28.0	29.0	30.0	31.0	32.0	33.0	34.0	35.0	36.0	37.0
303_S17_L001_R1_001	5.0	11.0	39.0	108.0	338.0	1919.0	7195.0	15418.0	25292.0	39074.0	57149.0	81688.0	110866.0	148385.0	195913.0	256051.0	332147.0	437760.0	640551.0	1184592.0	3932412.0	367228.0
	16.0	17.0	18.0	19.0	20.0	21.0	22.0	23.0	24.0	25.0	26.0	27.0	28.0	29.0	30.0	31.0	32.0	33.0	34.0	35.0	36.0	37.0
304_S24_L001_R1_001	5.0	9.0	42.0	241.0	1288.0	6887.0	26103.0	56632.0	86413.0	115559.0	144234.0	186953.0	239273.0	306458.0	385959.0	471430.0	573874.0	716325.0	933462.0	1463277.0	3060117.0	234986.0
	16.0	17.0	18.0	19.0	20.0	21.0	22.0	23.0	24.0	25.0	26.0	27.0	28.0	29.0	30.0	31.0	32.0	33.0	34.0	35.0	36.0	37.0
305_S1_L001_R1_001	8.0	15.0	37.0	91.0	386.0	1963.0	7566.0	16260.0	25957.0	37482.0	50370.0	68249.0	92041.0	122016.0	162174.0	212902.0	273466.0	358258.0	514041.0	928730.0	3019602.0	288326.0
	16.0	17.0	18.0	19.0	20.0	21.0	22.0	23.0	24.0	25.0	26.0	27.0	28.0	29.0	30.0	31.0	32.0	33.0	34.0	35.0	36.0	37.0
306_S44_L001_R1_001	4.0	27.0	74.0	172.0	536.0	2215.0	8214.0	21427.0	37950.0	51055.0	64773.0	88041.0	124702.0	164199.0	202910.0	248644.0	305059.0	386767.0	542656.0	1049272.0	4251627.0	415470.0
	16.0	17.0	18.0	19.0	20.0	21.0	22.0	23.0	24.0	25.0	26.0	27.0	28.0	29.0	30.0	31.0	32.0	33.0	34.0	35.0	36.0	37.0
307_S45_L001_R1_001	7.0	23.0	61.0	98.0	227.0	608.0	2179.0	5244.0	10536.0	17539.0	28595.0	46220.0	70688.0	103551.0	140334.0	183794.0	239605.0	321557.0	478374.0	1002057.0	4358625.0	445000.0
	15.0	16.0	17.0	18.0	19.0	20.0	21.0	22.0	23.0	24.0	25.0	26.0	27.0	28.0	29.0	30.0	31.0	32.0	33.0	34.0	35.0	36.0	37.0
308_S5_L001_R1_001	1.0	5.0	12.0	37.0	99.0	364.0	1514.0	5222.0	10688.0	18502.0	29483.0	45039.0	66600.0	96467.0	134988.0	186535.0	253647.0	336520.0	450168.0	651369.0	1232624.0	4268090.0	390726.0
	16.0	17.0	18.0	19.0	20.0	21.0	22.0	23.0	24.0	25.0	26.0	27.0	28.0	29.0	30.0	31.0	32.0	33.0	34.0	35.0	36.0	37.0
309_S20_L001_R1_001	4.0	31.0	72.0	193.0	622.0	2649.0	10088.0	23637.0	39398.0	52384.0	65810.0	85443.0	115478.0	157754.0	215887.0	287463.0	375214.0	500703.0	715392.0	1278523.0	4250574.0	423804.0
	14.0	15.0	16.0	17.0	18.0	19.0	20.0	21.0	22.0	23.0	24.0	25.0	26.0	27.0	28.0	29.0	30.0	31.0	32.0	33.0	34.0	35.0	36.0	37.0
311_S2_L001_R1_001	1.0	0.0	5.0	24.0	34.0	101.0	380.0	1850.0	6824.0	15813.0	26154.0	37657.0	50348.0	69039.0	93565.0	127852.0	171743.0	226770.0	295749.0	393258.0	566609.0	1032318.0	3605898.0	351922.0
	14.0	15.0	16.0	17.0	18.0	19.0	20.0	21.0	22.0	23.0	24.0	25.0	26.0	27.0	28.0	29.0	30.0	31.0	32.0	33.0	34.0	35.0	36.0	37.0
312_S28_L001_R1_001	1.0	0.0	5.0	26.0	39.0	109.0	328.0	1438.0	5687.0	14043.0	22946.0	33013.0	46651.0	65363.0	91007.0	125395.0	169608.0	227425.0	295659.0	393243.0	573396.0	1073371.0	3664749.0	343888.0
	16.0	17.0	18.0	19.0	20.0	21.0	22.0	23.0	24.0	25.0	26.0	27.0	28.0	29.0	30.0	31.0	32.0	33.0	34.0	35.0	36.0	37.0
313_S36_L001_R1_001	1.0	14.0	31.0	80.0	299.0	1390.0	5141.0	10994.0	18643.0	28225.0	41668.0	60795.0	84615.0	116764.0	161530.0	215951.0	281564.0	374558.0	542091.0	1026253.0	3631270.0	358669.0
	11.0	12.0	13.0	14.0	15.0	16.0	17.0	18.0	19.0	20.0	21.0	22.0	23.0	24.0	25.0	26.0	27.0	28.0	29.0	30.0	31.0	32.0	33.0	34.0	35.0	36.0	37.0
314_S49_L001_R1_001	1.0	0.0	0.0	0.0	1.0	0.0	5.0	17.0	50.0	171.0	672.0	2165.0	4932.0	8437.0	13368.0	20120.0	31016.0	46503.0	65178.0	90103.0	120775.0	158789.0	216289.0	317043.0	653162.0	3235908.0	382176.0
	16.0	17.0	18.0	19.0	20.0	21.0	22.0	23.0	24.0	25.0	26.0	27.0	28.0	29.0	30.0	31.0	32.0	33.0	34.0	35.0	36.0	37.0
315_S26_L001_R1_001	3.0	19.0	59.0	167.0	733.0	3920.0	15710.0	33487.0	52702.0	73204.0	99419.0	134345.0	179154.0	235736.0	309222.0	402695.0	515793.0	671062.0	933647.0	1552960.0	3540107.0	275355.0
	15.0	16.0	17.0	18.0	19.0	20.0	21.0	22.0	23.0	24.0	25.0	26.0	27.0	28.0	29.0	30.0	31.0	32.0	33.0	34.0	35.0	36.0	37.0
316_S9_L001_R1_001	2.0	3.0	21.0	84.0	160.0	547.0	2401.0	10202.0	24071.0	40696.0	56717.0	72152.0	97486.0	133048.0	182276.0	243965.0	326830.0	428066.0	575260.0	838162.0	1560793.0	4768620.0	434705.0
	15.0	16.0	17.0	18.0	19.0	20.0	21.0	22.0	23.0	24.0	25.0	26.0	27.0	28.0	29.0	30.0	31.0	32.0	33.0	34.0	35.0	36.0	37.0
317_S33_L001_R1_001	1.0	2.0	16.0	37.0	113.0	504.0	1934.0	7489.0	14747.0	22743.0	31471.0	42323.0	59191.0	80165.0	109193.0	146446.0	191772.0	247343.0	323638.0	462239.0	857972.0	2970108.0	285817.0
	16.0	17.0	18.0	19.0	20.0	21.0	22.0	23.0	24.0	25.0	26.0	27.0	28.0	29.0	30.0	31.0	32.0	33.0	34.0	35.0	36.0	37.0
318_S6_L001_R1_001	3.0	8.0	45.0	101.0	293.0	1096.0	4054.0	9548.0	17249.0	26169.0	38719.0	56796.0	79578.0	110489.0	151788.0	202154.0	267117.0	359585.0	526536.0	994134.0	3182632.0	294803.0
	15.0	16.0	17.0	18.0	19.0	20.0	21.0	22.0	23.0	24.0	25.0	26.0	27.0	28.0	29.0	30.0	31.0	32.0	33.0	34.0	35.0	36.0	37.0
319_S52_L001_R1_001	1.0	7.0	12.0	36.0	92.0	342.0	1481.0	5633.0	14328.0	24965.0	34808.0	44955.0	60819.0	83569.0	114423.0	152913.0	204049.0	267772.0	360111.0	537508.0	1087143.0	4510334.0	449694.0
	16.0	17.0	18.0	19.0	20.0	21.0	22.0	23.0	24.0	25.0	26.0	27.0	28.0	29.0	30.0	31.0	32.0	33.0	34.0	35.0	36.0	37.0
321_S29_L001_R1_001	6.0	25.0	50.0	103.0	382.0	2109.0	6944.0	13775.0	22347.0	32082.0	44596.0	60699.0	82344.0	110310.0	148093.0	198244.0	257094.0	340012.0	493540.0	934279.0	3182974.0	303563.0
	14.0	15.0	16.0	17.0	18.0	19.0	20.0	21.0	22.0	23.0	24.0	25.0	26.0	27.0	28.0	29.0	30.0	31.0	32.0	33.0	34.0	35.0	36.0	37.0
322_S8_L001_R1_001	1.0	0.0	3.0	13.0	35.0	107.0	361.0	1527.0	5594.0	15218.0	25474.0	37116.0	52744.0	75069.0	104686.0	145506.0	196660.0	259470.0	336067.0	444461.0	632475.0	1141567.0	3787235.0	363251.0
	15.0	16.0	17.0	18.0	19.0	20.0	21.0	22.0	23.0	24.0	25.0	26.0	27.0	28.0	29.0	30.0	31.0	32.0	33.0	34.0	35.0	36.0	37.0
323_S39_L001_R1_001	1.0	3.0	27.0	60.0	200.0	959.0	6076.0	22965.0	44222.0	67513.0	93280.0	120687.0	158977.0	208448.0	270394.0	352983.0	458304.0	585092.0	751874.0	1047380.0	1730095.0	3917047.0	330871.0
	16.0	17.0	18.0	19.0	20.0	21.0	22.0	23.0	24.0	25.0	26.0	27.0	28.0	29.0	30.0	31.0	32.0	33.0	34.0	35.0	36.0	37.0
324_S47_L001_R1_001	1.0	12.0	27.0	97.0	400.0	1691.0	6551.0	15194.0	27841.0	44636.0	66665.0	96892.0	136026.0	183413.0	242483.0	320898.0	415185.0	543056.0	776183.0	1398482.0	3904418.0	346969.0
	15.0	16.0	17.0	18.0	19.0	20.0	21.0	22.0	23.0	24.0	25.0	26.0	27.0	28.0	29.0	30.0	31.0	32.0	33.0	34.0	35.0	36.0	37.0
325_S13_L001_R1_001	2.0	6.0	22.0	59.0	143.0	470.0	2097.0	7737.0	17403.0	28389.0	40684.0	56150.0	78196.0	107982.0	145799.0	193118.0	252252.0	328074.0	433200.0	625620.0	1165321.0	3998395.0	379392.0
	16.0	17.0	18.0	19.0	20.0	21.0	22.0	23.0	24.0	25.0	26.0	27.0	28.0	29.0	30.0	31.0	32.0	33.0	34.0	35.0	36.0	37.0
326_S38_L001_R1_001	6.0	17.0	53.0	135.0	522.0	2466.0	9853.0	25492.0	43992.0	57287.0	66393.0	83834.0	112955.0	155079.0	208868.0	277038.0	362114.0	489063.0	716815.0	1353761.0	4677208.0	452796.0
	15.0	16.0	17.0	18.0	19.0	20.0	21.0	22.0	23.0	24.0	25.0	26.0	27.0	28.0	29.0	30.0	31.0	32.0	33.0	34.0	35.0	36.0	37.0
327_S37_L001_R1_001	1.0	4.0	22.0	46.0	94.0	272.0	1267.0	4579.0	9958.0	17289.0	25217.0	35122.0	48868.0	67174.0	91718.0	125458.0	169183.0	223832.0	301567.0	446371.0	871523.0	3165653.0	303991.0
	16.0	17.0	18.0	19.0	20.0	21.0	22.0	23.0	24.0	25.0	26.0	27.0	28.0	29.0	30.0	31.0	32.0	33.0	34.0	35.0	36.0	37.0
328_S12_L001_R1_001	5.0	22.0	76.0	375.0	1637.0	8878.0	31559.0	59035.0	86343.0	119666.0	163578.0	222446.0	289909.0	376123.0	490724.0	632737.0	806314.0	1042292.0	1433920.0	2260847.0	4551365.0	336409.0
	13.0	14.0	15.0	16.0	17.0	18.0	19.0	20.0	21.0	22.0	23.0	24.0	25.0	26.0	27.0	28.0	29.0	30.0	31.0	32.0	33.0	34.0	35.0	36.0	37.0
329_S46_L001_R1_001	1.0	0.0	0.0	5.0	17.0	49.0	82.0	250.0	865.0	3036.0	7499.0	13694.0	22550.0	36179.0	56336.0	80184.0	112316.0	154116.0	207679.0	270988.0	365775.0	546819.0	1134691.0	5016367.0	504621.0
	16.0	17.0	18.0	19.0	20.0	21.0	22.0	23.0	24.0	25.0	26.0	27.0	28.0	29.0	30.0	31.0	32.0	33.0	34.0	35.0	36.0	37.0
331_S53_L001_R1_001	4.0	11.0	37.0	120.0	636.0	3155.0	12196.0	23072.0	34404.0	47958.0	64515.0	84911.0	109824.0	141889.0	184601.0	239209.0	303238.0	390702.0	550556.0	988003.0	3336376.0	349235.0
	15.0	16.0	17.0	18.0	19.0	20.0	21.0	22.0	23.0	24.0	25.0	26.0	27.0	28.0	29.0	30.0	31.0	32.0	33.0	34.0	35.0	36.0	37.0
332_S48_L001_R1_001	1.0	7.0	17.0	40.0	90.0	337.0	1476.0	5471.0	11783.0	19113.0	28594.0	40496.0	57009.0	78481.0	105101.0	139812.0	184157.0	240543.0	319699.0	458807.0	847324.0	2786984.0	268867.0
	16.0	17.0	18.0	19.0	20.0	21.0	22.0	23.0	24.0	25.0	26.0	27.0	28.0	29.0	30.0	31.0	32.0	33.0	34.0	35.0	36.0	37.0
333_S30_L001_R1_001	3.0	8.0	29.0	72.0	297.0	1215.0	4634.0	10634.0	16850.0	24433.0	34305.0	47996.0	66204.0	89151.0	119238.0	157183.0	203784.0	270692.0	397590.0	771838.0	2897376.0	275462.0
	16.0	17.0	18.0	19.0	20.0	21.0	22.0	23.0	24.0	25.0	26.0	27.0	28.0	29.0	30.0	31.0	32.0	33.0	34.0	35.0	36.0	37.0
334_S50_L001_R1_001	1.0	8.0	41.0	82.0	274.0	1274.0	4970.0	12265.0	20448.0	27178.0	33330.0	42995.0	58714.0	79002.0	106270.0	140992.0	184516.0	246986.0	365299.0	741498.0	3398991.0	374807.0
	16.0	17.0	18.0	19.0	20.0	21.0	22.0	23.0	24.0	25.0	26.0	27.0	28.0	29.0	30.0	31.0	32.0	33.0	34.0	35.0	36.0	37.0
335_S31_L001_R1_001	3.0	15.0	47.0	90.0	366.0	1573.0	6538.0	16586.0	26848.0	37075.0	47820.0	63200.0	84979.0	113012.0	148107.0	191003.0	242768.0	315000.0	435842.0	781182.0	2635040.0	249622.0
	15.0	16.0	17.0	18.0	19.0	20.0	21.0	22.0	23.0	24.0	25.0	26.0	27.0	28.0	29.0	30.0	31.0	32.0	33.0	34.0	35.0	36.0	37.0
336_S51_L001_R1_001	1.0	4.0	23.0	43.0	118.0	388.0	1572.0	6024.0	14245.0	24836.0	36442.0	50785.0	70843.0	98053.0	131277.0	172229.0	224104.0	287349.0	385229.0	543009.0	1045336.0	4309499.0	445846.0
	15.0	16.0	17.0	18.0	19.0	20.0	21.0	22.0	23.0	24.0	25.0	26.0	27.0	28.0	29.0	30.0	31.0	32.0	33.0	34.0	35.0	36.0	37.0
337_S35_L001_R1_001	1.0	4.0	26.0	46.0	140.0	538.0	2769.0	10246.0	21067.0	33298.0	48510.0	68915.0	98721.0	139491.0	194807.0	267353.0	357530.0	471061.0	630692.0	917501.0	1708970.0	5339239.0	490982.0
	16.0	17.0	18.0	19.0	20.0	21.0	22.0	23.0	24.0	25.0	26.0	27.0	28.0	29.0	30.0	31.0	32.0	33.0	34.0	35.0	36.0	37.0
338_S4_L001_R1_001	5.0	12.0	51.0	90.0	370.0	1687.0	6932.0	16641.0	27750.0	36470.0	43523.0	54862.0	75010.0	103977.0	140140.0	187542.0	246735.0	330863.0	486357.0	928532.0	3437714.0	349087.0
	15.0	16.0	17.0	18.0	19.0	20.0	21.0	22.0	23.0	24.0	25.0	26.0	27.0	28.0	29.0	30.0	31.0	32.0	33.0	34.0	35.0	36.0	37.0
339_S10_L001_R1_001	1.0	4.0	20.0	69.0	111.0	387.0	1549.0	6312.0	16138.0	28196.0	41276.0	57150.0	79841.0	110367.0	150424.0	205284.0	267613.0	347533.0	456201.0	653660.0	1145113.0	3511127.0	330954.0
	17.0	18.0	19.0	20.0	21.0	22.0	23.0	24.0	25.0	26.0	27.0	28.0	29.0	30.0	31.0	32.0	33.0	34.0	35.0	36.0	37.0
341_S19_L001_R1_001	8.0	33.0	96.0	430.0	1839.0	6905.0	14918.0	23695.0	34020.0	48521.0	68022.0	92607.0	124250.0	163874.0	214868.0	275282.0	360920.0	526071.0	916299.0	2602578.0	245895.0
	16.0	17.0	18.0	19.0	20.0	21.0	22.0	23.0	24.0	25.0	26.0	27.0	28.0	29.0	30.0	31.0	32.0	33.0	34.0	35.0	36.0	37.0
342_S23_L001_R1_001	3.0	15.0	31.0	116.0	502.0	2539.0	10841.0	25874.0	41045.0	55679.0	71800.0	96195.0	131128.0	179951.0	239300.0	314624.0	405519.0	534518.0	768652.0	1386051.0	4205440.0	382770.0
	15.0	16.0	17.0	18.0	19.0	20.0	21.0	22.0	23.0	24.0	25.0	26.0	27.0	28.0	29.0	30.0	31.0	32.0	33.0	34.0	35.0	36.0	37.0
343_S14_L001_R1_001	1.0	3.0	18.0	72.0	189.0	1077.0	5751.0	21200.0	43194.0	66609.0	90785.0	117449.0	153864.0	201810.0	254513.0	313986.0	416931.0	652247.0	655733.0	721901.0	1173390.0	2803433.0	228139.0
	16.0	17.0	18.0	19.0	20.0	21.0	22.0	23.0	24.0	25.0	26.0	27.0	28.0	29.0	30.0	31.0	32.0	33.0	34.0	35.0	36.0	37.0
344_S27_L001_R1_001	7.0	28.0	68.0	255.0	1383.0	6974.0	27274.0	58552.0	88778.0	122719.0	161404.0	216404.0	283236.0	368480.0	474179.0	607493.0	759060.0	950965.0	1257076.0	1944484.0	3514814.0	225412.0
	16.0	17.0	18.0	19.0	20.0	21.0	22.0	23.0	24.0	25.0	26.0	27.0	28.0	29.0	30.0	31.0	32.0	33.0	34.0	35.0	36.0	37.0
345_S16_L001_R1_001	4.0	15.0	35.0	114.0	544.0	3294.0	13407.0	27432.0	42995.0	60898.0	81682.0	107080.0	137487.0	175392.0	223050.0	281230.0	350491.0	442715.0	598400.0	953426.0	2168084.0	173927.0
	15.0	16.0	17.0	18.0	19.0	20.0	21.0	22.0	23.0	24.0	25.0	26.0	27.0	28.0	29.0	30.0	31.0	32.0	33.0	34.0	35.0	36.0	37.0
346_S18_L001_R1_001	1.0	5.0	15.0	29.0	95.0	379.0	1651.0	6202.0	13397.0	21444.0	32074.0	46169.0	65079.0	89518.0	119686.0	160075.0	212378.0	275915.0	366775.0	551337.0	976063.0	2712079.0	235103.0
	16.0	17.0	18.0	19.0	20.0	21.0	22.0	23.0	24.0	25.0	26.0	27.0	28.0	29.0	30.0	31.0	32.0	33.0	34.0	35.0	36.0	37.0
347_S43_L001_R1_001	2.0	10.0	28.0	99.0	253.0	1163.0	4344.0	10771.0	18887.0	27171.0	36617.0	52360.0	73565.0	98828.0	127016.0	159523.0	200163.0	262032.0	380530.0	812263.0	4054393.0	410222.0
	16.0	17.0	18.0	19.0	20.0	21.0	22.0	23.0	24.0	25.0	26.0	27.0	28.0	29.0	30.0	31.0	32.0	33.0	34.0	35.0	36.0	37.0
348_S3_L001_R1_001	2.0	10.0	51.0	120.0	560.0	2710.0	8859.0	16754.0	27035.0	38861.0	53765.0	73750.0	98473.0	131232.0	173933.0	227931.0	293126.0	386552.0	553434.0	1042452.0	3833477.0	371729.0
	16.0	17.0	18.0	19.0	20.0	21.0	22.0	23.0	24.0	25.0	26.0	27.0	28.0	29.0	30.0	31.0	32.0	33.0	34.0	35.0	36.0	37.0
349_S34_L001_R1_001	2.0	20.0	47.0	164.0	639.0	3677.0	14886.0	32263.0	50184.0	65447.0	79071.0	99678.0	127521.0	166125.0	216779.0	275899.0	348270.0	443090.0	599640.0	979627.0	2240331.0	181177.0
	15.0	16.0	17.0	18.0	19.0	20.0	21.0	22.0	23.0	24.0	25.0	26.0	27.0	28.0	29.0	30.0	31.0	32.0	33.0	34.0	35.0	36.0	37.0
34_S68_L002_R1_001	3.0	17.0	29.0	91.0	164.0	547.0	2149.0	7142.0	14693.0	25091.0	36745.0	48875.0	64521.0	85074.0	113667.0	149570.0	196773.0	253352.0	349644.0	537628.0	906487.0	3560806.0	574796.0
	15.0	16.0	17.0	18.0	19.0	20.0	21.0	22.0	23.0	24.0	25.0	26.0	27.0	28.0	29.0	30.0	31.0	32.0	33.0	34.0	35.0	36.0	37.0
35_S72_L002_R1_001	2.0	9.0	31.0	89.0	299.0	1363.0	6119.0	19502.0	32392.0	42224.0	50805.0	59370.0	71795.0	86213.0	101652.0	122815.0	144944.0	165775.0	198516.0	348862.0	634745.0	586550.0	53658.0
	16.0	17.0	18.0	19.0	20.0	21.0	22.0	23.0	24.0	25.0	26.0	27.0	28.0	29.0	30.0	31.0	32.0	33.0	34.0	35.0	36.0	37.0
37_S70_L002_R1_001	12.0	42.0	96.0	238.0	696.0	2310.0	7276.0	14808.0	24081.0	35432.0	49797.0	69129.0	94742.0	127498.0	168852.0	220931.0	289538.0	403290.0	642606.0	1012792.0	3841319.0	600275.0
	16.0	17.0	18.0	19.0	20.0	21.0	22.0	23.0	24.0	25.0	26.0	27.0	28.0	29.0	30.0	31.0	32.0	33.0	34.0	35.0	36.0	37.0
39_S52_L002_R1_001	2.0	13.0	47.0	82.0	289.0	1339.0	5651.0	13536.0	23234.0	34282.0	45467.0	59151.0	79118.0	106048.0	138713.0	182104.0	237406.0	316198.0	456167.0	818476.0	3048156.0	428057.0
	16.0	17.0	18.0	19.0	20.0	21.0	22.0	23.0	24.0	25.0	26.0	27.0	28.0	29.0	30.0	31.0	32.0	33.0	34.0	35.0	36.0	37.0
401_S10_L002_R1_001	1.0	3.0	16.0	56.0	190.0	692.0	2567.0	6743.0	12588.0	17518.0	20021.0	22693.0	29504.0	40832.0	56741.0	76708.0	103001.0	141272.0	208939.0	429199.0	2558118.0	415415.0
	16.0	17.0	18.0	19.0	20.0	21.0	22.0	23.0	24.0	25.0	26.0	27.0	28.0	29.0	30.0	31.0	32.0	33.0	34.0	35.0	36.0	37.0
402_S5_L002_R1_001	1.0	19.0	30.0	87.0	338.0	1746.0	5607.0	10797.0	17489.0	26466.0	38462.0	54517.0	76454.0	105518.0	145868.0	197973.0	262100.0	350459.0	498333.0	859514.0	2821222.0	344900.0
	14.0	15.0	16.0	17.0	18.0	19.0	20.0	21.0	22.0	23.0	24.0	25.0	26.0	27.0	28.0	29.0	30.0	31.0	32.0	33.0	34.0	35.0	36.0	37.0
403_S30_L002_R1_001	1.0	0.0	4.0	15.0	50.0	119.0	255.0	1049.0	3600.0	8528.0	14944.0	22480.0	32235.0	46467.0	67243.0	96344.0	136402.0	183659.0	246891.0	339879.0	512373.0	952282.0	3610105.0	486682.0
	16.0	17.0	18.0	19.0	20.0	21.0	22.0	23.0	24.0	25.0	26.0	27.0	28.0	29.0	30.0	31.0	32.0	33.0	34.0	35.0	36.0	37.0
404_S42_L002_R1_001	4.0	10.0	30.0	82.0	243.0	858.0	3176.0	7885.0	13901.0	20661.0	28077.0	38694.0	56499.0	82208.0	117557.0	162987.0	221301.0	308715.0	469750.0	925122.0	3958614.0	583839.0
	16.0	17.0	18.0	19.0	20.0	21.0	22.0	23.0	24.0	25.0	26.0	27.0	28.0	29.0	30.0	31.0	32.0	33.0	34.0	35.0	36.0	37.0
411_S9_L002_R1_001	3.0	6.0	30.0	85.0	224.0	1033.0	4163.0	10404.0	19230.0	28580.0	38245.0	51531.0	69960.0	96335.0	130032.0	174351.0	231081.0	315555.0	466534.0	866441.0	3626226.0	517725.0
	16.0	17.0	18.0	19.0	20.0	21.0	22.0	23.0	24.0	25.0	26.0	27.0	28.0	29.0	30.0	31.0	32.0	33.0	34.0	35.0	36.0	37.0
412_S74_L002_R1_001	8.0	14.0	109.0	559.0	2882.0	10937.0	26931.0	40932.0	52881.0	63440.0	75363.0	93036.0	115049.0	143879.0	220200.0	661107.0	378743.0	231817.0	334847.0	651450.0	3286513.0	661534.0
	14.0	15.0	16.0	17.0	18.0	19.0	20.0	21.0	22.0	23.0	24.0	25.0	26.0	27.0	28.0	29.0	30.0	31.0	32.0	33.0	34.0	35.0	36.0	37.0
413_S38_L002_R1_001	1.0	2.0	4.0	17.0	36.0	55.0	246.0	893.0	3232.0	6761.0	11901.0	18600.0	28433.0	42541.0	61442.0	88911.0	126480.0	172836.0	232249.0	318953.0	470636.0	882796.0	3462131.0	491138.0
	16.0	17.0	18.0	19.0	20.0	21.0	22.0	23.0	24.0	25.0	26.0	27.0	28.0	29.0	30.0	31.0	32.0	33.0	34.0	35.0	36.0	37.0
414_S49_L002_R1_001	7.0	21.0	63.0	179.0	935.0	4860.0	20139.0	44175.0	66422.0	90958.0	119824.0	156945.0	201063.0	255407.0	321878.0	391050.0	470174.0	558331.0	683302.0	888421.0	1208357.0	92631.0
	16.0	17.0	18.0	19.0	20.0	21.0	22.0	23.0	24.0	25.0	26.0	27.0	28.0	29.0	30.0	31.0	32.0	33.0	34.0	35.0	36.0	37.0
41_S62_L002_R1_001	2.0	15.0	36.0	76.0	304.0	977.0	3494.0	8873.0	16903.0	25202.0	32358.0	42134.0	59493.0	87047.0	122752.0	165948.0	222896.0	311036.0	478579.0	963121.0	4907484.0	837241.0
	16.0	17.0	18.0	19.0	20.0	21.0	22.0	23.0	24.0	25.0	26.0	27.0	28.0	29.0	30.0	31.0	32.0	33.0	34.0	35.0	36.0	37.0
421_S22_L002_R1_001	9.0	21.0	59.0	151.0	368.0	1424.0	5434.0	14442.0	25870.0	37899.0	50125.0	67530.0	93204.0	128351.0	172174.0	221406.0	284976.0	380248.0	535008.0	944325.0	4081384.0	594043.0
	16.0	17.0	18.0	19.0	20.0	21.0	22.0	23.0	24.0	25.0	26.0	27.0	28.0	29.0	30.0	31.0	32.0	33.0	34.0	35.0	36.0	37.0
431b_S8_L002_R1_001	1.0	10.0	21.0	50.0	204.0	686.0	2525.0	6536.0	12211.0	19636.0	29533.0	43997.0	62322.0	89423.0	121088.0	162600.0	215172.0	293416.0	432135.0	803267.0	3538723.0	537635.0
	16.0	17.0	18.0	19.0	20.0	21.0	22.0	23.0	24.0	25.0	26.0	27.0	28.0	29.0	30.0	31.0	32.0	33.0	34.0	35.0	36.0	37.0
432_S75_L002_R1_001	1.0	7.0	28.0	82.0	374.0	1807.0	6277.0	13236.0	22905.0	34230.0	42712.0	50006.0	60858.0	77135.0	100207.0	131475.0	169262.0	226540.0	355565.0	736770.0	3463168.0	539336.0
	15.0	16.0	17.0	18.0	19.0	20.0	21.0	22.0	23.0	24.0	25.0	26.0	27.0	28.0	29.0	30.0	31.0	32.0	33.0	34.0	35.0	36.0	37.0
434_S55_L002_R1_001	1.0	3.0	10.0	25.0	70.0	246.0	909.0	3261.0	7028.0	11097.0	17006.0	25612.0	40291.0	60728.0	90877.0	132811.0	182798.0	247806.0	344317.0	516039.0	981665.0	3885479.0	537631.0
	15.0	16.0	17.0	18.0	19.0	20.0	21.0	22.0	23.0	24.0	25.0	26.0	27.0	28.0	29.0	30.0	31.0	32.0	33.0	34.0	35.0	36.0	37.0
43_S46_L002_R1_001	1.0	3.0	21.0	58.0	152.0	408.0	1808.0	6562.0	13018.0	21331.0	32034.0	46094.0	66308.0	93860.0	129494.0	176485.0	240144.0	318619.0	431266.0	623004.0	1088656.0	3537656.0	465999.0
	17.0	18.0	19.0	20.0	21.0	22.0	23.0	24.0	25.0	26.0	27.0	28.0	29.0	30.0	31.0	32.0	33.0	34.0	35.0	36.0	37.0
441_S73_L002_R1_001	10.0	52.0	430.0	2641.0	12943.0	38122.0	58263.0	74061.0	90340.0	110958.0	140756.0	176009.0	220058.0	275130.0	337355.0	410589.0	549096.0	1304224.0	2373158.0	2696470.0	313313.0
	16.0	17.0	18.0	19.0	20.0	21.0	22.0	23.0	24.0	25.0	26.0	27.0	28.0	29.0	30.0	31.0	32.0	33.0	34.0	35.0	36.0	37.0
442b_S60_L002_R1_001	1.0	11.0	14.0	65.0	297.0	1604.0	6553.0	16260.0	30643.0	48620.0	70053.0	92947.0	119913.0	149642.0	177626.0	212554.0	258249.0	329524.0	448104.0	737422.0	2398437.0	339886.0
	15.0	16.0	17.0	18.0	19.0	20.0	21.0	22.0	23.0	24.0	25.0	26.0	27.0	28.0	29.0	30.0	31.0	32.0	33.0	34.0	35.0	36.0	37.0
443_S36_L002_R1_001	1.0	4.0	16.0	28.0	95.0	298.0	1402.0	5270.0	12303.0	22262.0	31519.0	38855.0	49794.0	66700.0	93032.0	128930.0	173305.0	230117.0	312008.0	457200.0	837063.0	3241437.0	467196.0
	16.0	17.0	18.0	19.0	20.0	21.0	22.0	23.0	24.0	25.0	26.0	27.0	28.0	29.0	30.0	31.0	32.0	33.0	34.0	35.0	36.0	37.0
444_S34_L002_R1_001	5.0	9.0	29.0	85.0	266.0	1297.0	4538.0	9023.0	15146.0	23081.0	33984.0	51184.0	76106.0	109199.0	150988.0	208793.0	276888.0	377909.0	575578.0	1137075.0	4429398.0	578798.0
	15.0	16.0	17.0	18.0	19.0	20.0	21.0	22.0	23.0	24.0	25.0	26.0	27.0	28.0	29.0	30.0	31.0	32.0	33.0	34.0	35.0	36.0	37.0
445_S45_L002_R1_001	1.0	1.0	9.0	43.0	117.0	287.0	1129.0	3832.0	7969.0	14003.0	21284.0	31299.0	45402.0	65957.0	94067.0	129283.0	175385.0	233120.0	317838.0	464602.0	854106.0	3648948.0	523787.0
	17.0	18.0	19.0	20.0	21.0	22.0	23.0	24.0	25.0	26.0	27.0	28.0	29.0	30.0	31.0	32.0	33.0	34.0	35.0	36.0	37.0
44_S71_L002_R1_001	5.0	19.0	146.0	864.0	4329.0	14169.0	24846.0	34378.0	43318.0	51705.0	62285.0	72939.0	81721.0	95401.0	205488.0	245992.0	132342.0	89036.0	69396.0	119006.0	18107.0
	16.0	17.0	18.0	19.0	20.0	21.0	22.0	23.0	24.0	25.0	26.0	27.0	28.0	29.0	30.0	31.0	32.0	33.0	34.0	35.0	36.0	37.0
451_S28_L002_R1_001	4.0	12.0	29.0	91.0	323.0	1626.0	6238.0	14750.0	25830.0	41031.0	60969.0	88182.0	122177.0	166996.0	222780.0	295019.0	387140.0	515262.0	731013.0	1275556.0	4550023.0	604711.0
	16.0	17.0	18.0	19.0	20.0	21.0	22.0	23.0	24.0	25.0	26.0	27.0	28.0	29.0	30.0	31.0	32.0	33.0	34.0	35.0	36.0	37.0
452b_S2_L002_R1_001	1.0	13.0	31.0	84.0	226.0	1087.0	4166.0	9494.0	17083.0	25403.0	33951.0	44961.0	60679.0	83238.0	112756.0	151148.0	199142.0	267101.0	387168.0	694818.0	3002465.0	455916.0
	16.0	17.0	18.0	19.0	20.0	21.0	22.0	23.0	24.0	25.0	26.0	27.0	28.0	29.0	30.0	31.0	32.0	33.0	34.0	35.0	36.0	37.0
453_S12_L002_R1_001	3.0	15.0	36.0	90.0	308.0	1499.0	5778.0	12281.0	20025.0	28587.0	38112.0	52366.0	72052.0	99407.0	131918.0	172057.0	227168.0	310005.0	457992.0	802654.0	2564748.0	349201.0
	15.0	16.0	17.0	18.0	19.0	20.0	21.0	22.0	23.0	24.0	25.0	26.0	27.0	28.0	29.0	30.0	31.0	32.0	33.0	34.0	35.0	36.0	37.0
45_S63_L002_R1_001	1.0	12.0	52.0	140.0	308.0	724.0	2447.0	8200.0	17225.0	27220.0	39763.0	55198.0	76115.0	102767.0	140393.0	185046.0	244906.0	321907.0	433868.0	632703.0	1085745.0	3415372.0	440952.0
	17.0	18.0	19.0	20.0	21.0	22.0	23.0	24.0	25.0	26.0	27.0	28.0	29.0	30.0	31.0	32.0	33.0	34.0	35.0	36.0	37.0
461b_S31_L002_R1_001	10.0	8.0	46.0	155.0	818.0	2819.0	5397.0	10017.0	15420.0	21954.0	31145.0	43574.0	60534.0	82803.0	111910.0	147313.0	201424.0	300574.0	584409.0	2635827.0	379321.0
	15.0	16.0	17.0	18.0	19.0	20.0	21.0	22.0	23.0	24.0	25.0	26.0	27.0	28.0	29.0	30.0	31.0	32.0	33.0	34.0	35.0	36.0	37.0
462b_S64_L002_R1_001	2.0	4.0	23.0	37.0	130.0	649.0	3217.0	12999.0	28291.0	46821.0	72519.0	104324.0	142889.0	186110.0	242351.0	312930.0	402517.0	517195.0	679937.0	958945.0	1592165.0	4356065.0	512044.0
	14.0	15.0	16.0	17.0	18.0	19.0	20.0	21.0	22.0	23.0	24.0	25.0	26.0	27.0	28.0	29.0	30.0	31.0	32.0	33.0	34.0	35.0	36.0	37.0
46_S66_L002_R1_001	1.0	1.0	23.0	52.0	97.0	198.0	488.0	1645.0	6079.0	14149.0	24343.0	36010.0	49863.0	66335.0	86624.0	117389.0	155821.0	204677.0	267412.0	359949.0	521642.0	969387.0	4068605.0	634629.0
	15.0	16.0	17.0	18.0	19.0	20.0	21.0	22.0	23.0	24.0	25.0	26.0	27.0	28.0	29.0	30.0	31.0	32.0	33.0	34.0	35.0	36.0	37.0
471b_S51_L002_R1_001	1.0	3.0	10.0	26.0	65.0	311.0	1437.0	5189.0	12172.0	21870.0	31682.0	39895.0	49437.0	65816.0	88511.0	120569.0	163229.0	217085.0	296268.0	439569.0	810409.0	3503154.0	510268.0
	16.0	17.0	18.0	19.0	20.0	21.0	22.0	23.0	24.0	25.0	26.0	27.0	28.0	29.0	30.0	31.0	32.0	33.0	34.0	35.0	36.0	37.0
472b_S48_L002_R1_001	2.0	9.0	19.0	79.0	291.0	1479.0	6342.0	14189.0	24440.0	36845.0	51729.0	71877.0	95950.0	126817.0	164543.0	213649.0	275537.0	369815.0	531412.0	910271.0	2986333.0	410539.0
	14.0	15.0	16.0	17.0	18.0	19.0	20.0	21.0	22.0	23.0	24.0	25.0	26.0	27.0	28.0	29.0	30.0	31.0	32.0	33.0	34.0	35.0	36.0	37.0
473_S20_L002_R1_001	1.0	1.0	1.0	25.0	32.0	70.0	224.0	694.0	2465.0	5413.0	9453.0	15022.0	22933.0	34414.0	51774.0	75039.0	106381.0	146334.0	198669.0	275041.0	415980.0	837421.0	3893829.0	551801.0
	16.0	17.0	18.0	19.0	20.0	21.0	22.0	23.0	24.0	25.0	26.0	27.0	28.0	29.0	30.0	31.0	32.0	33.0	34.0	35.0	36.0	37.0
474_S14_L002_R1_001	3.0	13.0	29.0	99.0	268.0	951.0	3263.0	7865.0	14947.0	22757.0	32182.0	46235.0	66730.0	97527.0	136577.0	189002.0	252774.0	347692.0	520925.0	1013402.0	5017322.0	730777.0
	15.0	16.0	17.0	18.0	19.0	20.0	21.0	22.0	23.0	24.0	25.0	26.0	27.0	28.0	29.0	30.0	31.0	32.0	33.0	34.0	35.0	36.0	37.0
475_S16_L002_R1_001	1.0	5.0	14.0	43.0	88.0	220.0	1075.0	3543.0	7662.0	13625.0	21382.0	32501.0	48583.0	70196.0	98499.0	134968.0	184011.0	242997.0	331540.0	484521.0	921045.0	4166513.0	610440.0
	16.0	17.0	18.0	19.0	20.0	21.0	22.0	23.0	24.0	25.0	26.0	27.0	28.0	29.0	30.0	31.0	32.0	33.0	34.0	35.0	36.0	37.0
476_S17_L002_R1_001	1.0	3.0	14.0	33.0	132.0	486.0	1955.0	4630.0	8347.0	12950.0	17614.0	25194.0	36614.0	54889.0	79145.0	112196.0	152276.0	214135.0	329086.0	654979.0	2649638.0	361204.0
	15.0	16.0	17.0	18.0	19.0	20.0	21.0	22.0	23.0	24.0	25.0	26.0	27.0	28.0	29.0	30.0	31.0	32.0	33.0	34.0	35.0	36.0	37.0
477_S37_L002_R1_001	1.0	4.0	18.0	36.0	107.0	263.0	980.0	3615.0	7341.0	12672.0	19190.0	27982.0	40339.0	58127.0	81242.0	112550.0	153344.0	203629.0	273823.0	402518.0	769466.0	3827542.0	577367.0
	15.0	16.0	17.0	18.0	19.0	20.0	21.0	22.0	23.0	24.0	25.0	26.0	27.0	28.0	29.0	30.0	31.0	32.0	33.0	34.0	35.0	36.0	37.0
47_S58_L002_R1_001	1.0	3.0	38.0	72.0	173.0	510.0	1916.0	5794.0	12398.0	22182.0	30699.0	36100.0	42528.0	54587.0	73519.0	100119.0	127673.0	161575.0	218449.0	325684.0	653725.0	3120831.0	466427.0
	15.0	16.0	17.0	18.0	19.0	20.0	21.0	22.0	23.0	24.0	25.0	26.0	27.0	28.0	29.0	30.0	31.0	32.0	33.0	34.0	35.0	36.0	37.0
481_S57_L002_R1_001	1.0	3.0	19.0	59.0	134.0	507.0	2504.0	10659.0	26649.0	43600.0	61631.0	79537.0	102646.0	133077.0	177939.0	232528.0	299119.0	383404.0	499429.0	695381.0	1182212.0	3304744.0	416009.0
	16.0	17.0	18.0	19.0	20.0	21.0	22.0	23.0	24.0	25.0	26.0	27.0	28.0	29.0	30.0	31.0	32.0	33.0	34.0	35.0	36.0	37.0
482_S25_L002_R1_001	2.0	9.0	29.0	68.0	217.0	893.0	3258.0	8261.0	15712.0	22665.0	28056.0	34819.0	48479.0	71789.0	103163.0	142706.0	192712.0	270292.0	411715.0	777574.0	2885413.0	398644.0
	16.0	17.0	18.0	19.0	20.0	21.0	22.0	23.0	24.0	25.0	26.0	27.0	28.0	29.0	30.0	31.0	32.0	33.0	34.0	35.0	36.0	37.0
483_S7_L002_R1_001	5.0	13.0	30.0	150.0	877.0	5464.0	19104.0	35711.0	53117.0	73487.0	96792.0	126730.0	164910.0	205403.0	252838.0	309823.0	382491.0	479037.0	642417.0	1014829.0	2070202.0	194646.0
	16.0	17.0	18.0	19.0	20.0	21.0	22.0	23.0	24.0	25.0	26.0	27.0	28.0	29.0	30.0	31.0	32.0	33.0	34.0	35.0	36.0	37.0
484_S43_L002_R1_001	3.0	5.0	33.0	68.0	215.0	895.0	3227.0	6831.0	11413.0	17164.0	25173.0	36019.0	52460.0	74892.0	103665.0	142089.0	190361.0	261049.0	389815.0	722437.0	2776878.0	379814.0
	15.0	16.0	17.0	18.0	19.0	20.0	21.0	22.0	23.0	24.0	25.0	26.0	27.0	28.0	29.0	30.0	31.0	32.0	33.0	34.0	35.0	36.0	37.0
485_S21_L002_R1_001	1.0	4.0	16.0	40.0	112.0	379.0	1441.0	5424.0	12707.0	23042.0	32134.0	38673.0	48180.0	63240.0	88153.0	123433.0	167574.0	225951.0	311274.0	461530.0	868896.0	4049217.0	625251.0
	15.0	16.0	17.0	18.0	19.0	20.0	21.0	22.0	23.0	24.0	25.0	26.0	27.0	28.0	29.0	30.0	31.0	32.0	33.0	34.0	35.0	36.0	37.0
487_S6_L002_R1_001	1.0	3.0	30.0	76.0	163.0	439.0	1931.0	7334.0	16436.0	27502.0	41419.0	58194.0	80801.0	108003.0	143301.0	189230.0	247599.0	319375.0	416647.0	577893.0	985738.0	3677211.0	512440.0
	16.0	17.0	18.0	19.0	20.0	21.0	22.0	23.0	24.0	25.0	26.0	27.0	28.0	29.0	30.0	31.0	32.0	33.0	34.0	35.0	36.0	37.0
488_S26_L002_R1_001	2.0	9.0	36.0	78.0	229.0	926.0	2812.0	5657.0	10130.0	16265.0	24609.0	38052.0	57440.0	83689.0	121023.0	167569.0	224509.0	313989.0	481954.0	957387.0	3899439.0	521097.0
	15.0	16.0	17.0	18.0	19.0	20.0	21.0	22.0	23.0	24.0	25.0	26.0	27.0	28.0	29.0	30.0	31.0	32.0	33.0	34.0	35.0	36.0	37.0
489_S35_L002_R1_001	1.0	4.0	16.0	41.0	116.0	318.0	1353.0	4481.0	9386.0	16114.0	24005.0	34515.0	50641.0	72497.0	103398.0	144847.0	197025.0	262748.0	357305.0	529236.0	986246.0	4022849.0	573242.0
	16.0	17.0	18.0	19.0	20.0	21.0	22.0	23.0	24.0	25.0	26.0	27.0	28.0	29.0	30.0	31.0	32.0	33.0	34.0	35.0	36.0	37.0
490_S19_L002_R1_001	7.0	14.0	34.0	109.0	325.0	1400.0	5173.0	10902.0	17715.0	26720.0	37703.0	53239.0	72773.0	98329.0	132616.0	177519.0	232710.0	314258.0	457513.0	823837.0	3079776.0	413976.0
	15.0	16.0	17.0	18.0	19.0	20.0	21.0	22.0	23.0	24.0	25.0	26.0	27.0	28.0	29.0	30.0	31.0	32.0	33.0	34.0	35.0	36.0	37.0
491_S50_L002_R1_001	3.0	2.0	8.0	32.0	97.0	286.0	1421.0	5436.0	14702.0	28450.0	38943.0	42492.0	47130.0	60542.0	86164.0	120863.0	164279.0	221438.0	306965.0	462206.0	897027.0	3527852.0	489833.0
	15.0	16.0	17.0	18.0	19.0	20.0	21.0	22.0	23.0	24.0	25.0	26.0	27.0	28.0	29.0	30.0	31.0	32.0	33.0	34.0	35.0	36.0	37.0
492_S40_L002_R1_001	1.0	1.0	10.0	38.0	125.0	419.0	2116.0	8813.0	22868.0	42957.0	61385.0	72661.0	86349.0	112129.0	152123.0	203726.0	270656.0	355116.0	481593.0	693629.0	1205297.0	3711222.0	489554.0
	15.0	16.0	17.0	18.0	19.0	20.0	21.0	22.0	23.0	24.0	25.0	26.0	27.0	28.0	29.0	30.0	31.0	32.0	33.0	34.0	35.0	36.0	37.0
506_S47_L002_R1_001	1.0	1.0	5.0	18.0	77.0	315.0	1477.0	6181.0	16512.0	30899.0	44519.0	52839.0	64472.0	85715.0	118244.0	157777.0	207327.0	266819.0	355086.0	516662.0	916466.0	2709639.0	328780.0
	16.0	17.0	18.0	19.0	20.0	21.0	22.0	23.0	24.0	25.0	26.0	27.0	28.0	29.0	30.0	31.0	32.0	33.0	34.0	35.0	36.0	37.0
513_S56_L002_R1_001	3.0	14.0	34.0	93.0	239.0	930.0	3639.0	9050.0	16800.0	26637.0	40025.0	59850.0	85682.0	123476.0	168958.0	226182.0	300292.0	409856.0	601721.0	1055797.0	2917930.0	340052.0
	16.0	17.0	18.0	19.0	20.0	21.0	22.0	23.0	24.0	25.0	26.0	27.0	28.0	29.0	30.0	31.0	32.0	33.0	34.0	35.0	36.0	37.0
521_S65_L002_R1_001	3.0	15.0	27.0	111.0	410.0	2148.0	8020.0	18858.0	34365.0	55178.0	81674.0	113740.0	155069.0	210580.0	285086.0	377217.0	497304.0	682363.0	1018419.0	1835405.0	5621890.0	769427.0
	17.0	18.0	19.0	20.0	21.0	22.0	23.0	24.0	25.0	26.0	27.0	28.0	29.0	30.0	31.0	32.0	33.0	34.0	35.0	36.0	37.0
522_S1_L002_R1_001	10.0	29.0	85.0	216.0	1240.0	4634.0	10246.0	17732.0	26185.0	35744.0	47980.0	67612.0	93434.0	127916.0	172633.0	229548.0	312063.0	454160.0	820100.0	3035968.0	418284.0
	16.0	17.0	18.0	19.0	20.0	21.0	22.0	23.0	24.0	25.0	26.0	27.0	28.0	29.0	30.0	31.0	32.0	33.0	34.0	35.0	36.0	37.0
523_S4_L002_R1_001	3.0	15.0	46.0	105.0	454.0	1938.0	6879.0	16623.0	29442.0	41922.0	51021.0	62696.0	83778.0	114223.0	153654.0	204610.0	272214.0	369002.0	540108.0	960051.0	3666878.0	507950.0
	15.0	16.0	17.0	18.0	19.0	20.0	21.0	22.0	23.0	24.0	25.0	26.0	27.0	28.0	29.0	30.0	31.0	32.0	33.0	34.0	35.0	36.0	37.0
524_S11_L002_R1_001	1.0	1.0	10.0	27.0	71.0	180.0	645.0	2233.0	6061.0	11485.0	17328.0	23874.0	34486.0	50085.0	74145.0	108610.0	148844.0	201393.0	278914.0	419732.0	802710.0	3485178.0	503168.0
	15.0	16.0	17.0	18.0	19.0	20.0	21.0	22.0	23.0	24.0	25.0	26.0	27.0	28.0	29.0	30.0	31.0	32.0	33.0	34.0	35.0	36.0	37.0
525_S18_L002_R1_001	1.0	2.0	15.0	35.0	102.0	258.0	1207.0	4342.0	8801.0	14471.0	21914.0	31172.0	43859.0	61481.0	84134.0	114651.0	155087.0	204610.0	275785.0	406989.0	749631.0	2872777.0	399072.0
	15.0	16.0	17.0	18.0	19.0	20.0	21.0	22.0	23.0	24.0	25.0	26.0	27.0	28.0	29.0	30.0	31.0	32.0	33.0	34.0	35.0	36.0	37.0
526_S15_L002_R1_001	1.0	2.0	13.0	35.0	76.0	204.0	924.0	3458.0	8070.0	14189.0	21286.0	29272.0	39765.0	55188.0	74488.0	98080.0	129379.0	169531.0	225490.0	326694.0	617541.0	3066290.0	451963.0
	16.0	17.0	18.0	19.0	20.0	21.0	22.0	23.0	24.0	25.0	26.0	27.0	28.0	29.0	30.0	31.0	32.0	33.0	34.0	35.0	36.0	37.0
527_S39_L002_R1_001	4.0	9.0	40.0	89.0	350.0	2133.0	7882.0	15775.0	25407.0	36959.0	50541.0	70380.0	100146.0	140471.0	193079.0	263013.0	353249.0	486949.0	722869.0	1318183.0	3803945.0	443699.0
	17.0	18.0	19.0	20.0	21.0	22.0	23.0	24.0	25.0	26.0	27.0	28.0	29.0	30.0	31.0	32.0	33.0	34.0	35.0	36.0	37.0
528_S27_L002_R1_001	13.0	37.0	99.0	309.0	1127.0	4415.0	10394.0	19280.0	31370.0	46909.0	69330.0	100131.0	142285.0	198682.0	270756.0	364375.0	502372.0	748473.0	1335042.0	4384831.0	554509.0
	16.0	17.0	18.0	19.0	20.0	21.0	22.0	23.0	24.0	25.0	26.0	27.0	28.0	29.0	30.0	31.0	32.0	33.0	34.0	35.0	36.0	37.0
529_S53_L002_R1_001	1.0	6.0	22.0	42.0	264.0	1291.0	4635.0	9428.0	16088.0	23152.0	30602.0	41832.0	59918.0	86243.0	122950.0	170155.0	229048.0	315441.0	480003.0	937664.0	3893534.0	550088.0
	16.0	17.0	18.0	19.0	20.0	21.0	22.0	23.0	24.0	25.0	26.0	27.0	28.0	29.0	30.0	31.0	32.0	33.0	34.0	35.0	36.0	37.0
531_S44_L002_R1_001	2.0	13.0	34.0	81.0	314.0	1353.0	5601.0	12900.0	22578.0	32581.0	40921.0	51841.0	67380.0	90871.0	121074.0	159318.0	206417.0	274652.0	391262.0	685059.0	2567361.0	355321.0
	16.0	17.0	18.0	19.0	20.0	21.0	22.0	23.0	24.0	25.0	26.0	27.0	28.0	29.0	30.0	31.0	32.0	33.0	34.0	35.0	36.0	37.0
532_S33_L002_R1_001	1.0	5.0	17.0	54.0	165.0	646.0	2172.0	4899.0	8684.0	12872.0	18099.0	25579.0	38170.0	56665.0	80153.0	110613.0	150341.0	210432.0	322736.0	661295.0	3003519.0	421224.0
	14.0	15.0	16.0	17.0	18.0	19.0	20.0	21.0	22.0	23.0	24.0	25.0	26.0	27.0	28.0	29.0	30.0	31.0	32.0	33.0	34.0	35.0	36.0	37.0
533_S61_L002_R1_001	1.0	0.0	3.0	9.0	27.0	68.0	209.0	1004.0	3249.0	6857.0	12686.0	19954.0	29515.0	40506.0	54142.0	72410.0	93590.0	121527.0	155266.0	208468.0	303796.0	611118.0	3167077.0	472128.0
	15.0	16.0	17.0	18.0	19.0	20.0	21.0	22.0	23.0	24.0	25.0	26.0	27.0	28.0	29.0	30.0	31.0	32.0	33.0	34.0	35.0	36.0	37.0
541_S41_L002_R1_001	1.0	3.0	15.0	45.0	102.0	337.0	1812.0	6691.0	15119.0	25829.0	37478.0	49166.0	64274.0	87084.0	118902.0	161008.0	217954.0	289025.0	387845.0	554480.0	971295.0	3670804.0	530541.0
	16.0	17.0	18.0	19.0	20.0	21.0	22.0	23.0	24.0	25.0	26.0	27.0	28.0	29.0	30.0	31.0	32.0	33.0	34.0	35.0	36.0	37.0
542_S3_L002_R1_001	5.0	8.0	24.0	80.0	282.0	1404.0	4423.0	9015.0	15301.0	23245.0	33202.0	47637.0	67185.0	94304.0	129605.0	173656.0	232542.0	316460.0	463391.0	847709.0	3347777.0	479844.0
	16.0	17.0	18.0	19.0	20.0	21.0	22.0	23.0	24.0	25.0	26.0	27.0	28.0	29.0	30.0	31.0	32.0	33.0	34.0	35.0	36.0	37.0
543_S29_L002_R1_001	3.0	13.0	28.0	63.0	170.0	783.0	3197.0	7955.0	14890.0	22065.0	28762.0	38190.0	51499.0	71470.0	95695.0	127412.0	168032.0	226789.0	329037.0	581675.0	1992955.0	265943.0
	16.0	17.0	18.0	19.0	20.0	21.0	22.0	23.0	24.0	25.0	26.0	27.0	28.0	29.0	30.0	31.0	32.0	33.0	34.0	35.0	36.0	37.0
551_S24_L002_R1_001	4.0	15.0	45.0	105.0	328.0	1242.0	5082.0	12189.0	21504.0	31405.0	41081.0	54994.0	78142.0	109220.0	147624.0	197513.0	262146.0	359418.0	535799.0	1002128.0	4199289.0	573146.0
	16.0	17.0	18.0	19.0	20.0	21.0	22.0	23.0	24.0	25.0	26.0	27.0	28.0	29.0	30.0	31.0	32.0	33.0	34.0	35.0	36.0	37.0
552b_S54_L002_R1_001	1.0	5.0	19.0	80.0	308.0	1529.0	6330.0	15361.0	26723.0	36875.0	41064.0	46981.0	56387.0	71241.0	89804.0	117632.0	147029.0	196076.0	287884.0	541141.0	2339034.0	348280.0
	14.0	15.0	16.0	17.0	18.0	19.0	20.0	21.0	22.0	23.0	24.0	25.0	26.0	27.0	28.0	29.0	30.0	31.0	32.0	33.0	34.0	35.0	36.0	37.0
553_S23_L002_R1_001	1.0	0.0	2.0	11.0	44.0	101.0	235.0	820.0	3017.0	6399.0	10800.0	16336.0	24208.0	34039.0	47601.0	65700.0	88591.0	117953.0	154230.0	205355.0	300874.0	577151.0	2862983.0	417450.0
	16.0	17.0	18.0	19.0	20.0	21.0	22.0	23.0	24.0	25.0	26.0	27.0	28.0	29.0	30.0	31.0	32.0	33.0	34.0	35.0	36.0	37.0
554_S13_L002_R1_001	7.0	34.0	84.0	157.0	386.0	1360.0	4539.0	9361.0	16201.0	25800.0	40271.0	59012.0	83717.0	116068.0	159795.0	218031.0	290464.0	397611.0	586355.0	1077311.0	4438397.0	622361.0
	16.0	17.0	18.0	19.0	20.0	21.0	22.0	23.0	24.0	25.0	26.0	27.0	28.0	29.0	30.0	31.0	32.0	33.0	34.0	35.0	36.0	37.0
561_S69_L002_R1_001	2.0	6.0	22.0	60.0	268.0	1178.0	3476.0	6811.0	11097.0	15717.0	20397.0	27725.0	40404.0	59655.0	86233.0	121646.0	164989.0	230969.0	365274.0	781316.0	3848179.0	623539.0
	15.0	16.0	17.0	18.0	19.0	20.0	21.0	22.0	23.0	24.0	25.0	26.0	27.0	28.0	29.0	30.0	31.0	32.0	33.0	34.0	35.0	36.0	37.0
562_S77_L002_R1_001	3.0	6.0	19.0	64.0	330.0	1631.0	8110.0	31292.0	65111.0	93977.0	123523.0	153784.0	192689.0	246045.0	321867.0	420651.0	546359.0	702860.0	915109.0	1372858.0	2902483.0	7036438.0	932914.0
	15.0	16.0	17.0	18.0	19.0	20.0	21.0	22.0	23.0	24.0	25.0	26.0	27.0	28.0	29.0	30.0	31.0	32.0	33.0	34.0	35.0	36.0	37.0
563_S59_L002_R1_001	1.0	4.0	7.0	28.0	57.0	192.0	716.0	2602.0	6670.0	12446.0	19899.0	29414.0	44518.0	65611.0	95628.0	137556.0	191081.0	257698.0	356289.0	534948.0	1039006.0	4812827.0	725490.0
	16.0	17.0	18.0	19.0	20.0	21.0	22.0	23.0	24.0	25.0	26.0	27.0	28.0	29.0	30.0	31.0	32.0	33.0	34.0	35.0	36.0	37.0
564_S32_L002_R1_001	1.0	5.0	28.0	57.0	139.0	495.0	1666.0	4363.0	7824.0	12224.0	18091.0	27174.0	39485.0	55970.0	76794.0	104655.0	139540.0	191445.0	284228.0	552501.0	2651163.0	389381.0
	16.0	17.0	18.0	19.0	20.0	21.0	22.0	23.0	24.0	25.0	26.0	27.0	28.0	29.0	30.0	31.0	32.0	33.0	34.0	35.0	36.0	37.0
565_S67_L002_R1_001	2.0	4.0	30.0	67.0	315.0	1563.0	5911.0	13133.0	22319.0	32024.0	42385.0	53286.0	67386.0	86021.0	111317.0	145297.0	188283.0	246161.0	348572.0	660015.0	3106710.0	508173.0
	16.0	17.0	18.0	19.0	20.0	21.0	22.0	23.0	24.0	25.0	26.0	27.0	28.0	29.0	30.0	31.0	32.0	33.0	34.0	35.0	36.0	37.0
571_S76_L002_R1_001	1.0	4.0	33.0	206.0	1038.0	5106.0	17775.0	40951.0	69737.0	94581.0	108251.0	107182.0	94320.0	76801.0	65898.0	62216.0	63066.0	70913.0	112737.0	137184.0	236250.0	37574.0
	8.0	9.0	10.0	11.0	12.0	13.0	14.0	15.0	16.0	17.0	18.0	19.0	20.0	21.0	22.0	23.0	24.0	25.0	26.0	27.0	28.0	29.0	30.0	31.0	32.0	33.0	34.0	35.0	36.0	37.0
Undetermined_S0_L001_R1_001	1.0	5.0	28.0	178.0	642.0	1449.0	1148.0	1745.0	1982.0	2206.0	2461.0	3440.0	7914.0	29247.0	100540.0	247247.0	406765.0	440381.0	335100.0	223467.0	179297.0	180140.0	200237.0	231602.0	273430.0	340714.0	470647.0	974247.0	5741165.0	645657.0
	11.0	12.0	13.0	14.0	15.0	16.0	17.0	18.0	19.0	20.0	21.0	22.0	23.0	24.0	25.0	26.0	27.0	28.0	29.0	30.0	31.0	32.0	33.0	34.0	35.0	36.0	37.0
Undetermined_S0_L002_R1_001	7.0	19.0	72.0	247.0	511.0	919.0	1366.0	1745.0	2978.0	6294.0	19343.0	64527.0	169621.0	314738.0	396882.0	337067.0	223986.0	162867.0	158898.0	183969.0	224038.0	272946.0	348671.0	505693.0	1083203.0	7924098.0	1234625.0

